2017	12	01	     0.000000	     0.000000	     0.000000	     0.000000	     0.000000	     0.000000	     0.000000	     0.000000
2017	12	02	     0.000000	     0.000000	     0.000000	     0.000000	     0.000000	     0.000000	     0.000000	     0.000000
2017	12	03	     0.000000	     0.000000	     0.000000	     0.000000	     0.000000	     0.000000	     0.000000	     0.000000
2017	12	04	     0.000000	     0.000000	     0.000000	     0.000000	     0.000000	     0.000000	     0.000000	     0.000000
2017	12	05	     0.000000	     0.000000	     0.000000	     0.000000	     0.000000	     0.000000	     0.000000	     0.000000
2017	12	06	     0.000000	     0.000000	     0.000000	     0.000000	     0.000000	     0.000000	     0.000000	     0.000000
2017	12	07	     0.000000	     0.000000	     0.000000	     0.000000	     0.000000	     0.000000	     0.000000	     0.000000
2017	12	08	     0.000000	     0.000000	     0.000000	     0.000000	     0.000000	     0.000000	     0.000000	     0.000000
2017	12	09	     0.000000	     0.000000	     0.000000	     0.000000	     0.000000	     0.000000	     0.000000	     0.000000
2017	12	10	     1.000000	     0.000000	     0.000000	     0.000000	     0.000000	     0.000000	     0.000000	     0.000000
2017	12	11	     0.956522	     0.043478	     0.000000	     0.000000	     0.000000	     0.000000	     0.000000	     0.000000
2017	12	12	     0.776786	     0.196429	     0.026786	     0.000000	     0.000000	     0.000000	     0.000000	     0.000000
2017	12	13	     0.723404	     0.159574	     0.117021	     0.000000	     0.000000	     0.000000	     0.000000	     0.000000
2017	12	14	     0.572815	     0.242718	     0.184466	     0.000000	     0.000000	     0.000000	     0.000000	     0.000000
2017	12	15	     0.560976	     0.219512	     0.219512	     0.000000	     0.000000	     0.000000	     0.000000	     0.000000
2017	12	16	     0.406504	     0.243902	     0.349593	     0.000000	     0.000000	     0.000000	     0.000000	     0.000000
2017	12	17	     0.210937	     0.375000	     0.414062	     0.000000	     0.000000	     0.000000	     0.000000	     0.000000
2017	12	18	     0.211009	     0.082569	     0.568807	     0.137615	     0.000000	     0.000000	     0.000000	     0.000000
2017	12	19	     0.136364	     0.109091	     0.490909	     0.263636	     0.000000	     0.000000	     0.000000	     0.000000
2017	12	20	     0.134921	     0.103175	     0.285714	     0.476190	     0.000000	     0.000000	     0.000000	     0.000000
2017	12	21	     0.177778	     0.059259	     0.229630	     0.533333	     0.000000	     0.000000	     0.000000	     0.000000
2017	12	22	     0.093750	     0.062500	     0.203125	     0.640625	     0.000000	     0.000000	     0.000000	     0.000000
2017	12	23	     0.125000	     0.080882	     0.154412	     0.639706	     0.000000	     0.000000	     0.000000	     0.000000
2017	12	24	     0.279221	     0.090909	     0.136364	     0.448052	     0.045455	     0.000000	     0.000000	     0.000000
2017	12	25	     0.288770	     0.155080	     0.144385	     0.315508	     0.096257	     0.000000	     0.000000	     0.000000
2017	12	26	     0.306931	     0.128713	     0.178218	     0.252475	     0.133663	     0.000000	     0.000000	     0.000000
2017	12	27	     0.228261	     0.103261	     0.217391	     0.233696	     0.217391	     0.000000	     0.000000	     0.000000
2017	12	28	     0.321586	     0.114537	     0.180617	     0.189427	     0.193833	     0.000000	     0.000000	     0.000000
2017	12	29	     0.383142	     0.084291	     0.168582	     0.229885	     0.134100	     0.000000	     0.000000	     0.000000
2017	12	30	     0.339207	     0.061674	     0.140969	     0.264317	     0.193833	     0.000000	     0.000000	     0.000000
2017	12	31	     0.327511	     0.065502	     0.104803	     0.283843	     0.218341	     0.000000	     0.000000	     0.000000
2018	01	01	     0.415493	     0.070423	     0.102113	     0.218310	     0.193662	     0.000000	     0.000000	     0.000000
2018	01	02	     0.357977	     0.070039	     0.093385	     0.245136	     0.225681	     0.007782	     0.000000	     0.000000
2018	01	03	     0.356061	     0.064394	     0.128788	     0.215909	     0.223485	     0.011364	     0.000000	     0.000000
2018	01	04	     0.445783	     0.096386	     0.081325	     0.174699	     0.189759	     0.012048	     0.000000	     0.000000
2018	01	05	     0.447853	     0.119632	     0.058282	     0.165644	     0.184049	     0.024540	     0.000000	     0.000000
2018	01	06	     0.418239	     0.103774	     0.119497	     0.163522	     0.166667	     0.028302	     0.000000	     0.000000
2018	01	07	     0.468447	     0.211165	     0.099515	     0.092233	     0.099515	     0.029126	     0.000000	     0.000000
2018	01	08	     0.689407	     0.091562	     0.037702	     0.064632	     0.077199	     0.039497	     0.000000	     0.000000
2018	01	09	     0.648604	     0.126437	     0.049261	     0.049261	     0.082102	     0.044335	     0.000000	     0.000000
2018	01	10	     0.678035	     0.114598	     0.054570	     0.035471	     0.077763	     0.038199	     0.001364	     0.000000
2018	01	11	     0.628910	     0.194175	     0.053937	     0.026969	     0.060410	     0.032362	     0.003236	     0.000000
2018	01	12	     0.515118	     0.178052	     0.166853	     0.034714	     0.063830	     0.038074	     0.003359	     0.000000
2018	01	13	     0.416026	     0.196487	     0.231614	     0.048299	     0.061471	     0.039517	     0.006586	     0.000000
2018	01	14	     0.324378	     0.181095	     0.312438	     0.080597	     0.050746	     0.043781	     0.006965	     0.000000
2018	01	15	     0.254580	     0.160077	     0.356798	     0.119576	     0.047252	     0.053038	     0.008679	     0.000000
2018	01	16	     0.413511	     0.151448	     0.235338	     0.112843	     0.040831	     0.037120	     0.008909	     0.000000
2018	01	17	     0.485363	     0.215457	     0.151054	     0.074356	     0.040984	     0.025761	     0.006440	     0.000585
2018	01	18	     0.454918	     0.189696	     0.208431	     0.069087	     0.049180	     0.025176	     0.002927	     0.000585
2018	01	19	     0.421520	     0.187465	     0.241819	     0.070993	     0.050471	     0.023849	     0.003328	     0.000555
2018	01	20	     0.400459	     0.249541	     0.215138	     0.069725	     0.043119	     0.018349	     0.003211	     0.000459
2018	01	21	     0.361460	     0.282402	     0.236412	     0.066895	     0.037248	     0.011783	     0.003041	     0.000760
2018	01	22	     0.307446	     0.233345	     0.322408	     0.085144	     0.034913	     0.011400	     0.004631	     0.000713
2018	01	23	     0.250813	     0.152512	     0.387785	     0.144199	     0.044452	     0.014817	     0.004337	     0.001084
2018	01	24	     0.282581	     0.164301	     0.272688	     0.207312	     0.043871	     0.020215	     0.007742	     0.001290
2018	01	25	     0.384225	     0.197746	     0.202254	     0.117746	     0.056901	     0.030423	     0.009014	     0.001690
2018	01	26	     0.391834	     0.133238	     0.214183	     0.128223	     0.073782	     0.044413	     0.012178	     0.002149
2018	01	27	     0.373715	     0.121145	     0.212188	     0.141703	     0.082966	     0.052863	     0.013216	     0.002203
2018	01	28	     0.412814	     0.115588	     0.190225	     0.143989	     0.068692	     0.052840	     0.012550	     0.003303
2018	01	29	     0.401955	     0.130727	     0.199756	     0.156995	     0.055589	     0.039096	     0.011607	     0.004276
2018	01	30	     0.389575	     0.235482	     0.204390	     0.119799	     0.013260	     0.025149	     0.007773	     0.004572
2018	01	31	     0.271937	     0.213576	     0.352235	     0.103477	     0.027318	     0.018212	     0.009106	     0.004139
2018	02	01	     0.216721	     0.145259	     0.357310	     0.219057	     0.028024	     0.017282	     0.011210	     0.005138
2018	02	02	     0.211106	     0.119560	     0.325663	     0.258629	     0.048024	     0.016508	     0.014007	     0.006503
2018	02	03	     0.208367	     0.185215	     0.339967	     0.203493	     0.033306	     0.010154	     0.014216	     0.005280
2018	02	04	     0.243805	     0.255430	     0.298256	     0.159682	     0.020801	     0.005200	     0.012542	     0.004283
2018	02	05	     0.329635	     0.334073	     0.184172	     0.114892	     0.018491	     0.002959	     0.011834	     0.003945
2018	02	06	     0.353775	     0.269919	     0.259001	     0.083856	     0.015331	     0.002323	     0.011614	     0.004181
2018	02	07	     0.349263	     0.159888	     0.348500	     0.119217	     0.003305	     0.002542	     0.011947	     0.005338
2018	02	08	     0.338032	     0.117377	     0.323629	     0.186638	     0.010726	     0.002758	     0.013485	     0.007355
2018	02	09	     0.212324	     0.123912	     0.392163	     0.211654	     0.033825	     0.003349	     0.013061	     0.009712
2018	02	10	     0.178187	     0.123810	     0.419969	     0.214747	     0.038402	     0.003994	     0.011674	     0.009217
2018	02	11	     0.168282	     0.126872	     0.354479	     0.280764	     0.044934	     0.004405	     0.011454	     0.008811
2018	02	12	     0.263652	     0.096416	     0.253129	     0.309158	     0.052901	     0.004835	     0.009670	     0.010239
2018	02	13	     0.302298	     0.089864	     0.215085	     0.292870	     0.074249	     0.005009	     0.009134	     0.011491
2018	02	14	     0.246656	     0.089891	     0.219907	     0.315397	     0.100778	     0.005288	     0.008087	     0.013997
2018	02	15	     0.216381	     0.084352	     0.233496	     0.314487	     0.124389	     0.005196	     0.006418	     0.015281
2018	02	16	     0.218778	     0.069088	     0.227930	     0.312961	     0.142309	     0.007086	     0.006200	     0.015648
2018	02	17	     0.228025	     0.102896	     0.232678	     0.283609	     0.127715	     0.005429	     0.005429	     0.014219
2018	02	18	     0.177535	     0.130176	     0.261592	     0.284404	     0.119018	     0.008430	     0.004959	     0.013885
2018	02	19	     0.138801	     0.142890	     0.282372	     0.289414	     0.119264	     0.009314	     0.005225	     0.012721
2018	02	20	     0.089581	     0.141042	     0.332910	     0.276789	     0.127912	     0.014612	     0.005083	     0.012071
2018	02	21	     0.043640	     0.087901	     0.400620	     0.287694	     0.135471	     0.027715	     0.004550	     0.012410
2018	02	22	     0.036471	     0.047677	     0.379177	     0.328851	     0.150978	     0.039935	     0.004075	     0.012836
2018	02	23	     0.043287	     0.064128	     0.316433	     0.343687	     0.169138	     0.046493	     0.004008	     0.012826
2018	02	24	     0.036561	     0.092292	     0.301581	     0.322925	     0.180435	     0.049209	     0.003953	     0.013043
2018	02	25	     0.037980	     0.104685	     0.296896	     0.285714	     0.200887	     0.057066	     0.003856	     0.012917
2018	02	26	     0.040114	     0.147020	     0.287606	     0.239546	     0.214948	     0.053737	     0.003595	     0.013434
2018	02	27	     0.077473	     0.123167	     0.342798	     0.213050	     0.184844	     0.041181	     0.003949	     0.013539
2018	02	28	     0.072469	     0.119962	     0.366887	     0.215516	     0.168212	     0.038978	     0.003974	     0.014002
2018	03	01	     0.071672	     0.086233	     0.384834	     0.224849	     0.170764	     0.042927	     0.004728	     0.013994
2018	03	02	     0.083349	     0.068040	     0.363069	     0.249858	     0.172179	     0.044604	     0.004725	     0.014175
2018	03	03	     0.085569	     0.066868	     0.328107	     0.277106	     0.176426	     0.046468	     0.004911	     0.014545
2018	03	04	     0.073676	     0.060863	     0.306953	     0.295270	     0.190126	     0.053703	     0.004522	     0.014886
2018	03	05	     0.073065	     0.056029	     0.241719	     0.348855	     0.206133	     0.054514	     0.004543	     0.015143
2018	03	06	     0.097637	     0.079281	     0.176919	     0.366335	     0.219879	     0.038860	     0.006639	     0.014450
2018	03	07	     0.125628	     0.081809	     0.167236	     0.358593	     0.207839	     0.037990	     0.006231	     0.014673
2018	03	08	     0.128510	     0.089158	     0.174626	     0.346792	     0.210289	     0.029719	     0.006354	     0.014552
2018	03	09	     0.188462	     0.063675	     0.150214	     0.319658	     0.214103	     0.042521	     0.005556	     0.015812
2018	03	10	     0.182853	     0.039964	     0.141549	     0.300290	     0.254744	     0.057602	     0.006251	     0.016745
2018	03	11	     0.150047	     0.028324	     0.130618	     0.290262	     0.305243	     0.070927	     0.006320	     0.018258
2018	03	12	     0.127805	     0.034878	     0.109756	     0.286098	     0.334878	     0.080488	     0.006341	     0.019756
2018	03	13	     0.132881	     0.034162	     0.079126	     0.287114	     0.346647	     0.093193	     0.006029	     0.020849
2018	03	14	     0.118755	     0.138382	     0.199247	     0.238501	     0.267050	     0.019826	     0.004758	     0.013481
2018	03	15	     0.166420	     0.179919	     0.164571	     0.244822	     0.206916	     0.024408	     0.003328	     0.009615
2018	03	16	     0.079222	     0.234183	     0.205575	     0.228681	     0.213460	     0.026774	     0.002017	     0.010086
2018	03	17	     0.053712	     0.184785	     0.285060	     0.221815	     0.219065	     0.023648	     0.001467	     0.010449
2018	03	18	     0.081524	     0.189547	     0.279720	     0.212919	     0.214023	     0.010858	     0.001472	     0.009937
2018	03	19	     0.146210	     0.193518	     0.261687	     0.206370	     0.163345	     0.017508	     0.001490	     0.009871
2018	03	20	     0.196504	     0.197792	     0.218399	     0.193560	     0.162833	     0.019687	     0.001840	     0.009384
2018	03	21	     0.091109	     0.308158	     0.227314	     0.178918	     0.164803	     0.019982	     0.001283	     0.008433
2018	03	22	     0.124310	     0.283928	     0.241265	     0.190879	     0.137183	     0.012321	     0.001287	     0.008827
2018	03	23	     0.236370	     0.243948	     0.195343	     0.164849	     0.130105	     0.018850	     0.001848	     0.008686
2018	03	24	     0.196511	     0.286501	     0.206795	     0.163820	     0.121763	     0.014141	     0.002020	     0.008448
2018	03	25	     0.320479	     0.193560	     0.196930	     0.149008	     0.112692	     0.015912	     0.002621	     0.008798
2018	03	26	     0.352197	     0.195086	     0.188198	     0.133470	     0.107409	     0.012100	     0.002606	     0.008935
2018	03	27	     0.403509	     0.150762	     0.150376	     0.151918	     0.113746	     0.017351	     0.003085	     0.009254
2018	03	28	     0.431342	     0.123017	     0.143585	     0.145544	     0.115181	     0.028599	     0.003134	     0.009598
2018	03	29	     0.417139	     0.117504	     0.153768	     0.140194	     0.121353	     0.036062	     0.003849	     0.010130
2018	03	30	     0.414877	     0.124951	     0.169270	     0.123585	     0.123194	     0.030652	     0.003709	     0.009762
2018	03	31	     0.403776	     0.130803	     0.173377	     0.141591	     0.119052	     0.017916	     0.004045	     0.009439
2018	04	01	     0.396021	     0.138129	     0.181749	     0.149608	     0.113067	     0.008992	     0.003444	     0.008992
2018	04	02	     0.416974	     0.148184	     0.171878	     0.156147	     0.093028	     0.005826	     0.002136	     0.005826
2018	04	03	     0.433326	     0.109064	     0.183379	     0.186100	     0.072012	     0.007536	     0.002931	     0.005652
2018	04	04	     0.435287	     0.134603	     0.180162	     0.170222	     0.068751	     0.004142	     0.001450	     0.005384
2018	04	05	     0.448383	     0.141376	     0.179726	     0.152985	     0.067993	     0.003109	     0.001244	     0.005182
2018	04	06	     0.490006	     0.134231	     0.147907	     0.140122	     0.075742	     0.004629	     0.002104	     0.005260
2018	04	07	     0.508124	     0.131983	     0.140441	     0.125306	     0.080570	     0.006900	     0.002893	     0.003784
2018	04	08	     0.540547	     0.112301	     0.121640	     0.135535	     0.076538	     0.006834	     0.002278	     0.004328
2018	04	09	     0.562746	     0.094061	     0.115322	     0.136815	     0.077652	     0.007395	     0.002080	     0.003929
2018	04	10	     0.540976	     0.122815	     0.139160	     0.130533	     0.060159	     0.002270	     0.000681	     0.003405
2018	04	11	     0.551935	     0.124689	     0.140077	     0.145508	     0.032813	     0.001131	     0.000679	     0.003168
2018	04	12	     0.532909	     0.122435	     0.168672	     0.148620	     0.022411	     0.001180	     0.000472	     0.003303
2018	04	13	     0.523396	     0.138205	     0.192475	     0.126146	     0.014713	     0.001206	     0.000724	     0.003136
2018	04	14	     0.528516	     0.165539	     0.174964	     0.115998	     0.010633	     0.000725	     0.000483	     0.003142
2018	04	15	     0.548722	     0.151712	     0.175591	     0.109503	     0.010130	     0.000724	     0.000724	     0.002894
2018	04	16	     0.562708	     0.144893	     0.176009	     0.103088	     0.009264	     0.000475	     0.000950	     0.002613
2018	04	17	     0.577945	     0.149777	     0.167176	     0.094286	     0.006819	     0.000470	     0.000941	     0.002586
2018	04	18	     0.586626	     0.188450	     0.175532	     0.042553	     0.003040	     0.000000	     0.001520	     0.002280
2018	04	19	     0.594462	     0.205653	     0.143928	     0.047592	     0.004038	     0.000000	     0.002307	     0.002019
2018	04	20	     0.619452	     0.202077	     0.123702	     0.046270	     0.003777	     0.000000	     0.002203	     0.002518
2018	04	21	     0.631027	     0.203354	     0.105660	     0.049057	     0.003774	     0.001258	     0.002516	     0.003354
2018	04	22	     0.618357	     0.228985	     0.107246	     0.033333	     0.004831	     0.001449	     0.002899	     0.002899
2018	04	23	     0.628150	     0.231098	     0.110794	     0.019496	     0.003804	     0.000951	     0.004280	     0.001427
2018	04	24	     0.713558	     0.205923	     0.070338	     0.003702	     0.002314	     0.000463	     0.002776	     0.000925
2018	04	25	     0.733238	     0.210728	     0.045498	     0.004310	     0.001437	     0.000000	     0.003831	     0.000958
2018	04	26	     0.786717	     0.173326	     0.026458	     0.005400	     0.002160	     0.001080	     0.003240	     0.001620
2018	04	27	     0.840397	     0.119868	     0.023841	     0.005960	     0.003311	     0.001325	     0.003311	     0.001987
2018	04	28	     0.854588	     0.100311	     0.027994	     0.006998	     0.002333	     0.001555	     0.004666	     0.001555
2018	04	29	     0.868016	     0.091498	     0.023482	     0.006478	     0.002429	     0.002429	     0.004049	     0.001619
2018	04	30	     0.888031	     0.087259	     0.013127	     0.001544	     0.002317	     0.003861	     0.002317	     0.001544
2018	05	01	     0.929773	     0.048281	     0.011704	     0.005121	     0.004389	     0.000732	     0.000000	     0.000000
2018	05	02	     0.945312	     0.034375	     0.012500	     0.003906	     0.003125	     0.000781	     0.000000	     0.000000
2018	05	03	     0.951628	     0.029767	     0.008372	     0.004651	     0.004651	     0.000930	     0.000000	     0.000000
2018	05	04	     0.962203	     0.019438	     0.009719	     0.003240	     0.004320	     0.001080	     0.000000	     0.000000
2018	05	05	     0.940375	     0.037479	     0.008518	     0.005111	     0.006814	     0.001704	     0.000000	     0.000000
2018	05	06	     0.935417	     0.039583	     0.008333	     0.008333	     0.004167	     0.004167	     0.000000	     0.000000
2018	05	07	     0.922460	     0.042781	     0.013369	     0.010695	     0.008021	     0.002674	     0.000000	     0.000000
2018	05	08	     0.923267	     0.051980	     0.007426	     0.012376	     0.004950	     0.000000	     0.000000	     0.000000
2018	05	09	     0.951807	     0.024096	     0.019277	     0.004819	     0.000000	     0.000000	     0.000000	     0.000000
2018	05	10	     0.935065	     0.051948	     0.012987	     0.000000	     0.000000	     0.000000	     0.000000	     0.000000
2018	05	11	     0.949612	     0.034884	     0.015504	     0.000000	     0.000000	     0.000000	     0.000000	     0.000000
2018	05	12	     0.957082	     0.030043	     0.012876	     0.000000	     0.000000	     0.000000	     0.000000	     0.000000
2018	05	13	     0.972477	     0.027523	     0.000000	     0.000000	     0.000000	     0.000000	     0.000000	     0.000000
2018	05	14	     0.971154	     0.028846	     0.000000	     0.000000	     0.000000	     0.000000	     0.000000	     0.000000
2018	05	15	     0.980861	     0.019139	     0.000000	     0.000000	     0.000000	     0.000000	     0.000000	     0.000000
2018	05	16	     0.975369	     0.024631	     0.000000	     0.000000	     0.000000	     0.000000	     0.000000	     0.000000
2018	05	17	     0.989305	     0.010695	     0.000000	     0.000000	     0.000000	     0.000000	     0.000000	     0.000000
2018	05	18	     1.000000	     0.000000	     0.000000	     0.000000	     0.000000	     0.000000	     0.000000	     0.000000
2018	05	19	     1.000000	     0.000000	     0.000000	     0.000000	     0.000000	     0.000000	     0.000000	     0.000000
2018	05	20	     1.000000	     0.000000	     0.000000	     0.000000	     0.000000	     0.000000	     0.000000	     0.000000
2018	05	21	     1.000000	     0.000000	     0.000000	     0.000000	     0.000000	     0.000000	     0.000000	     0.000000
2018	05	22	     1.000000	     0.000000	     0.000000	     0.000000	     0.000000	     0.000000	     0.000000	     0.000000
2018	05	23	     1.000000	     0.000000	     0.000000	     0.000000	     0.000000	     0.000000	     0.000000	     0.000000
2018	05	24	     1.000000	     0.000000	     0.000000	     0.000000	     0.000000	     0.000000	     0.000000	     0.000000
2018	05	25	     1.000000	     0.000000	     0.000000	     0.000000	     0.000000	     0.000000	     0.000000	     0.000000
2018	05	26	     1.000000	     0.000000	     0.000000	     0.000000	     0.000000	     0.000000	     0.000000	     0.000000
2018	05	27	     1.000000	     0.000000	     0.000000	     0.000000	     0.000000	     0.000000	     0.000000	     0.000000
2018	05	28	     1.000000	     0.000000	     0.000000	     0.000000	     0.000000	     0.000000	     0.000000	     0.000000
2018	05	29	     1.000000	     0.000000	     0.000000	     0.000000	     0.000000	     0.000000	     0.000000	     0.000000
2018	05	30	     1.000000	     0.000000	     0.000000	     0.000000	     0.000000	     0.000000	     0.000000	     0.000000
2018	05	31	     1.000000	     0.000000	     0.000000	     0.000000	     0.000000	     0.000000	     0.000000	     0.000000
