2017	12	01	     0.000000	     0.000000	     0.000000	     0.000000	     0.000000	     0.000000	     0.000000	     0.000000
2017	12	02	     0.000000	     0.000000	     0.000000	     0.000000	     0.000000	     0.000000	     0.000000	     0.000000
2017	12	03	     0.000000	     0.000000	     0.000000	     0.000000	     0.000000	     0.000000	     0.000000	     0.000000
2017	12	04	     0.000000	     0.000000	     0.000000	     0.000000	     0.000000	     0.000000	     0.000000	     0.000000
2017	12	05	     0.000000	     0.000000	     0.000000	     0.000000	     0.000000	     0.000000	     0.000000	     0.000000
2017	12	06	     0.000000	     0.000000	     0.000000	     0.000000	     0.000000	     0.000000	     0.000000	     0.000000
2017	12	07	     1.000000	     0.000000	     0.000000	     0.000000	     0.000000	     0.000000	     0.000000	     0.000000
2017	12	08	     1.000000	     0.000000	     0.000000	     0.000000	     0.000000	     0.000000	     0.000000	     0.000000
2017	12	09	     1.000000	     0.000000	     0.000000	     0.000000	     0.000000	     0.000000	     0.000000	     0.000000
2017	12	10	     1.000000	     0.000000	     0.000000	     0.000000	     0.000000	     0.000000	     0.000000	     0.000000
2017	12	11	     1.000000	     0.000000	     0.000000	     0.000000	     0.000000	     0.000000	     0.000000	     0.000000
2017	12	12	     1.000000	     0.000000	     0.000000	     0.000000	     0.000000	     0.000000	     0.000000	     0.000000
2017	12	13	     0.954545	     0.045455	     0.000000	     0.000000	     0.000000	     0.000000	     0.000000	     0.000000
2017	12	14	     0.963636	     0.036364	     0.000000	     0.000000	     0.000000	     0.000000	     0.000000	     0.000000
2017	12	15	     0.939655	     0.060345	     0.000000	     0.000000	     0.000000	     0.000000	     0.000000	     0.000000
2017	12	16	     0.729412	     0.223529	     0.047059	     0.000000	     0.000000	     0.000000	     0.000000	     0.000000
2017	12	17	     0.412162	     0.317568	     0.270270	     0.000000	     0.000000	     0.000000	     0.000000	     0.000000
2017	12	18	     0.300699	     0.237762	     0.454545	     0.006993	     0.000000	     0.000000	     0.000000	     0.000000
2017	12	19	     0.228395	     0.277778	     0.469136	     0.024691	     0.000000	     0.000000	     0.000000	     0.000000
2017	12	20	     0.468927	     0.282486	     0.192090	     0.056497	     0.000000	     0.000000	     0.000000	     0.000000
2017	12	21	     0.480226	     0.192090	     0.271186	     0.056497	     0.000000	     0.000000	     0.000000	     0.000000
2017	12	22	     0.492611	     0.113300	     0.201970	     0.177340	     0.014778	     0.000000	     0.000000	     0.000000
2017	12	23	     0.491803	     0.172131	     0.172131	     0.122951	     0.040984	     0.000000	     0.000000	     0.000000
2017	12	24	     0.590778	     0.126801	     0.103746	     0.118156	     0.057637	     0.002882	     0.000000	     0.000000
2017	12	25	     0.551064	     0.176596	     0.110638	     0.089362	     0.070213	     0.002128	     0.000000	     0.000000
2017	12	26	     0.538095	     0.231746	     0.065079	     0.111111	     0.047619	     0.006349	     0.000000	     0.000000
2017	12	27	     0.510638	     0.180851	     0.132979	     0.132979	     0.027926	     0.014628	     0.000000	     0.000000
2017	12	28	     0.509434	     0.198668	     0.124306	     0.125416	     0.025527	     0.016648	     0.000000	     0.000000
2017	12	29	     0.515060	     0.180723	     0.197791	     0.067269	     0.022088	     0.017068	     0.000000	     0.000000
2017	12	30	     0.522523	     0.168919	     0.213964	     0.059685	     0.015766	     0.018018	     0.001126	     0.000000
2017	12	31	     0.525727	     0.164430	     0.206935	     0.067114	     0.014541	     0.014541	     0.006711	     0.000000
2018	01	01	     0.460129	     0.251078	     0.118534	     0.133621	     0.011853	     0.012931	     0.011853	     0.000000
2018	01	02	     0.413105	     0.266857	     0.181387	     0.103514	     0.009497	     0.014245	     0.011396	     0.000000
2018	01	03	     0.372624	     0.250951	     0.251901	     0.085551	     0.012357	     0.012357	     0.013308	     0.000951
2018	01	04	     0.447270	     0.224383	     0.215408	     0.084518	     0.005236	     0.010471	     0.009723	     0.002992
2018	01	05	     0.604530	     0.176539	     0.161440	     0.028455	     0.008711	     0.009292	     0.006388	     0.004646
2018	01	06	     0.741095	     0.158558	     0.045613	     0.025630	     0.014770	     0.004344	     0.005647	     0.004344
2018	01	07	     0.735343	     0.142797	     0.044807	     0.030988	     0.027638	     0.005444	     0.007956	     0.005025
2018	01	08	     0.686090	     0.140977	     0.072368	     0.031485	     0.034305	     0.014568	     0.010338	     0.009868
2018	01	09	     0.663090	     0.074034	     0.133584	     0.045064	     0.033798	     0.025751	     0.011803	     0.012876
2018	01	10	     0.633938	     0.099698	     0.124874	     0.049849	     0.037261	     0.028701	     0.012588	     0.013092
2018	01	11	     0.576732	     0.127207	     0.139882	     0.075600	     0.027614	     0.028067	     0.012223	     0.012675
2018	01	12	     0.603545	     0.116035	     0.121676	     0.087027	     0.023771	     0.025383	     0.012087	     0.010475
2018	01	13	     0.587789	     0.115368	     0.130526	     0.085053	     0.029895	     0.026526	     0.013053	     0.011789
2018	01	14	     0.596204	     0.112597	     0.122088	     0.084124	     0.027179	     0.022433	     0.021139	     0.014236
2018	01	15	     0.649770	     0.125960	     0.086406	     0.069124	     0.020353	     0.020737	     0.012289	     0.015361
2018	01	16	     0.677971	     0.154122	     0.070030	     0.053212	     0.021230	     0.007444	     0.006066	     0.009926
2018	01	17	     0.651118	     0.191906	     0.094356	     0.027902	     0.014483	     0.005538	     0.003195	     0.011502
2018	01	18	     0.588920	     0.196056	     0.146103	     0.032113	     0.016714	     0.005070	     0.003568	     0.011455
2018	01	19	     0.546425	     0.165244	     0.211491	     0.039310	     0.015653	     0.006403	     0.004447	     0.011028
2018	01	20	     0.521346	     0.151298	     0.219775	     0.066598	     0.016906	     0.008367	     0.004611	     0.011100
2018	01	21	     0.497818	     0.135930	     0.207532	     0.115080	     0.019072	     0.009536	     0.003879	     0.011152
2018	01	22	     0.488106	     0.132205	     0.182983	     0.138914	     0.030802	     0.013571	     0.002897	     0.010522
2018	01	23	     0.472118	     0.150246	     0.154291	     0.158336	     0.034094	     0.018203	     0.004190	     0.008524
2018	01	24	     0.573401	     0.096175	     0.116807	     0.116172	     0.056182	     0.017934	     0.006031	     0.017299
2018	01	25	     0.669621	     0.081354	     0.069656	     0.072138	     0.048564	     0.020028	     0.009926	     0.028713
2018	01	26	     0.647610	     0.069746	     0.066316	     0.069289	     0.058998	     0.029042	     0.016007	     0.042991
2018	01	27	     0.591004	     0.073303	     0.108496	     0.086422	     0.060808	     0.030612	     0.012703	     0.036651
2018	01	28	     0.540784	     0.091328	     0.101270	     0.136255	     0.069416	     0.023568	     0.010127	     0.027251
2018	01	29	     0.496835	     0.124251	     0.124084	     0.124251	     0.073451	     0.019320	     0.013824	     0.023984
2018	01	30	     0.466500	     0.176263	     0.127374	     0.102489	     0.067589	     0.023266	     0.016787	     0.019732
2018	01	31	     0.468404	     0.199664	     0.116856	     0.077203	     0.071318	     0.027322	     0.018075	     0.021157
2018	02	01	     0.627217	     0.139901	     0.076232	     0.043473	     0.046305	     0.027463	     0.014039	     0.025369
2018	02	02	     0.639917	     0.126761	     0.074571	     0.035812	     0.041271	     0.038541	     0.019107	     0.024020
2018	02	03	     0.622322	     0.143891	     0.069256	     0.043040	     0.052137	     0.031987	     0.012912	     0.024455
2018	02	04	     0.579939	     0.154546	     0.091202	     0.059851	     0.054703	     0.028592	     0.011952	     0.019215
2018	02	05	     0.536538	     0.141189	     0.137329	     0.071882	     0.052211	     0.028220	     0.012133	     0.020498
2018	02	06	     0.532298	     0.136438	     0.143596	     0.075722	     0.052695	     0.028978	     0.014403	     0.015869
2018	02	07	     0.522893	     0.130912	     0.169247	     0.074412	     0.044446	     0.030552	     0.011635	     0.015904
2018	02	08	     0.533244	     0.101034	     0.157435	     0.099773	     0.044549	     0.033118	     0.014289	     0.016559
2018	02	09	     0.576046	     0.097467	     0.115815	     0.112448	     0.044104	     0.025755	     0.013046	     0.015319
2018	02	10	     0.617680	     0.088313	     0.088228	     0.117552	     0.042490	     0.017611	     0.008378	     0.019749
2018	02	11	     0.623359	     0.100493	     0.090879	     0.099657	     0.040214	     0.016637	     0.007106	     0.021654
2018	02	12	     0.637775	     0.099924	     0.093594	     0.075196	     0.042113	     0.015529	     0.008440	     0.027428
2018	02	13	     0.674189	     0.108863	     0.072806	     0.048249	     0.039170	     0.017380	     0.007782	     0.031561
2018	02	14	     0.700363	     0.096217	     0.053956	     0.045273	     0.044565	     0.020377	     0.010100	     0.029149
2018	02	15	     0.713620	     0.087097	     0.050448	     0.050627	     0.035753	     0.024731	     0.010125	     0.027599
2018	02	16	     0.685304	     0.098920	     0.067167	     0.051794	     0.034224	     0.021504	     0.010432	     0.030655
2018	02	17	     0.634912	     0.117779	     0.085396	     0.065752	     0.037316	     0.019376	     0.009419	     0.030050
2018	02	18	     0.603222	     0.109186	     0.098563	     0.089160	     0.040749	     0.020549	     0.009316	     0.029256
2018	02	19	     0.567803	     0.110227	     0.116676	     0.097328	     0.046570	     0.022280	     0.009884	     0.029232
2018	02	20	     0.533966	     0.124980	     0.127271	     0.089294	     0.056638	     0.028155	     0.010313	     0.029383
2018	02	21	     0.517392	     0.110324	     0.144551	     0.096633	     0.061769	     0.028417	     0.011064	     0.029850
2018	02	22	     0.516996	     0.090853	     0.152349	     0.101437	     0.067290	     0.030671	     0.012284	     0.028121
2018	02	23	     0.500113	     0.089303	     0.156732	     0.109900	     0.073592	     0.031722	     0.014433	     0.024205
2018	02	24	     0.464324	     0.104611	     0.167045	     0.117914	     0.070522	     0.036584	     0.012774	     0.026228
2018	02	25	     0.444883	     0.126379	     0.166703	     0.116955	     0.069983	     0.035649	     0.013514	     0.025933
2018	02	26	     0.452729	     0.132112	     0.155294	     0.104571	     0.074050	     0.032846	     0.017804	     0.030594
2018	02	27	     0.441418	     0.153998	     0.151875	     0.090436	     0.070592	     0.029950	     0.016110	     0.045621
2018	02	28	     0.395687	     0.147938	     0.188195	     0.096406	     0.072266	     0.031101	     0.018767	     0.049641
2018	03	01	     0.362697	     0.124392	     0.221142	     0.111255	     0.082093	     0.033035	     0.019897	     0.045489
2018	03	02	     0.341864	     0.113428	     0.228135	     0.127578	     0.085805	     0.036053	     0.022204	     0.044935
2018	03	03	     0.316412	     0.101602	     0.233678	     0.150569	     0.090746	     0.038934	     0.021563	     0.046496
2018	03	04	     0.287549	     0.094097	     0.229799	     0.181436	     0.092520	     0.042205	     0.023731	     0.048663
2018	03	05	     0.275862	     0.110403	     0.191449	     0.208946	     0.092540	     0.045245	     0.025551	     0.050004
2018	03	06	     0.286038	     0.133192	     0.168919	     0.175422	     0.100972	     0.051070	     0.030102	     0.054285
2018	03	07	     0.276113	     0.156241	     0.158350	     0.149985	     0.112162	     0.055281	     0.033605	     0.058263
2018	03	08	     0.281015	     0.163890	     0.149303	     0.126779	     0.118055	     0.061280	     0.038184	     0.061494
2018	03	09	     0.319643	     0.129089	     0.143889	     0.120521	     0.112307	     0.063235	     0.043832	     0.067483
2018	03	10	     0.340614	     0.101482	     0.133639	     0.120031	     0.125474	     0.071045	     0.040178	     0.067536
2018	03	11	     0.340679	     0.087574	     0.132151	     0.127270	     0.128778	     0.079463	     0.039839	     0.064245
2018	03	12	     0.357071	     0.098394	     0.130737	     0.104131	     0.110872	     0.074010	     0.048838	     0.075947
2018	03	13	     0.363714	     0.113963	     0.130101	     0.079696	     0.096971	     0.077136	     0.052751	     0.085668
2018	03	14	     0.388570	     0.105283	     0.101483	     0.084047	     0.098502	     0.078981	     0.050294	     0.092840
2018	03	15	     0.352806	     0.141291	     0.094373	     0.081110	     0.098743	     0.075667	     0.055964	     0.100046
2018	03	16	     0.303671	     0.143893	     0.130089	     0.088448	     0.096006	     0.070481	     0.065546	     0.101866
2018	03	17	     0.255884	     0.135350	     0.166139	     0.098773	     0.105795	     0.071533	     0.069604	     0.096921
2018	03	18	     0.283095	     0.109555	     0.153037	     0.124410	     0.127814	     0.069787	     0.032882	     0.099420
2018	03	19	     0.330136	     0.113450	     0.118908	     0.138635	     0.119688	     0.050214	     0.027680	     0.101287
2018	03	20	     0.366412	     0.119839	     0.108098	     0.121582	     0.089766	     0.060298	     0.034240	     0.099765
2018	03	21	     0.357919	     0.133075	     0.132703	     0.124591	     0.088940	     0.049345	     0.027910	     0.085517
2018	03	22	     0.406385	     0.117990	     0.116943	     0.114850	     0.086511	     0.041424	     0.026918	     0.088979
2018	03	23	     0.399386	     0.109938	     0.116753	     0.117876	     0.090317	     0.049727	     0.029956	     0.086048
2018	03	24	     0.408856	     0.134240	     0.124187	     0.114651	     0.076730	     0.036739	     0.023950	     0.080648
2018	03	25	     0.456146	     0.116450	     0.108801	     0.089417	     0.069959	     0.039658	     0.026290	     0.093279
2018	03	26	     0.400945	     0.132473	     0.131123	     0.101718	     0.079364	     0.041032	     0.028355	     0.084990
2018	03	27	     0.423676	     0.128517	     0.120348	     0.095688	     0.076853	     0.040166	     0.028517	     0.086233
2018	03	28	     0.441955	     0.124788	     0.111547	     0.092148	     0.064973	     0.039569	     0.028329	     0.096690
2018	03	29	     0.448208	     0.123297	     0.109293	     0.090798	     0.070021	     0.045057	     0.022909	     0.090418
2018	03	30	     0.450279	     0.126500	     0.122908	     0.092792	     0.059543	     0.036536	     0.019032	     0.092410
2018	03	31	     0.464563	     0.124867	     0.119848	     0.081673	     0.057871	     0.039468	     0.019924	     0.091787
2018	04	01	     0.469719	     0.120296	     0.124218	     0.081831	     0.053473	     0.041557	     0.021947	     0.086960
2018	04	02	     0.445450	     0.125626	     0.133029	     0.088462	     0.054961	     0.036865	     0.026546	     0.089060
2018	04	03	     0.464277	     0.121965	     0.113297	     0.077926	     0.061997	     0.037870	     0.032170	     0.090497
2018	04	04	     0.439035	     0.148840	     0.146043	     0.074987	     0.050193	     0.031219	     0.023963	     0.085721
2018	04	05	     0.447936	     0.158486	     0.132951	     0.071101	     0.046636	     0.032110	     0.031651	     0.079128
2018	04	06	     0.424344	     0.191683	     0.127561	     0.066550	     0.051753	     0.033465	     0.022538	     0.082107
2018	04	07	     0.464596	     0.192065	     0.119262	     0.056997	     0.039195	     0.025704	     0.015008	     0.087172
2018	04	08	     0.484836	     0.192410	     0.113689	     0.045824	     0.027096	     0.016738	     0.015578	     0.103828
2018	04	09	     0.466242	     0.207099	     0.113272	     0.046831	     0.025070	     0.017706	     0.017210	     0.106570
2018	04	10	     0.448436	     0.213087	     0.104056	     0.047137	     0.032718	     0.029598	     0.026140	     0.098828
2018	04	11	     0.463558	     0.209360	     0.103657	     0.040065	     0.035376	     0.026681	     0.031285	     0.090018
2018	04	12	     0.490794	     0.194917	     0.097502	     0.037687	     0.035007	     0.025153	     0.032328	     0.086611
2018	04	13	     0.516028	     0.183275	     0.087021	     0.037369	     0.029791	     0.028571	     0.033449	     0.084495
2018	04	14	     0.538489	     0.170230	     0.084807	     0.037301	     0.031407	     0.030263	     0.033958	     0.073546
2018	04	15	     0.529407	     0.167505	     0.083883	     0.038515	     0.035132	     0.039643	     0.035999	     0.069917
2018	04	16	     0.527450	     0.164174	     0.079887	     0.037656	     0.040208	     0.042407	     0.030266	     0.077952
2018	04	17	     0.525269	     0.168403	     0.074903	     0.043909	     0.037710	     0.043306	     0.041326	     0.065174
2018	04	18	     0.531400	     0.167382	     0.072323	     0.041867	     0.046328	     0.041181	     0.039636	     0.059883
2018	04	19	     0.562675	     0.158613	     0.056810	     0.039566	     0.044468	     0.041054	     0.037640	     0.059174
2018	04	20	     0.595179	     0.146579	     0.054325	     0.033587	     0.044311	     0.037575	     0.029599	     0.058844
2018	04	21	     0.641327	     0.136925	     0.040900	     0.032009	     0.035476	     0.027029	     0.016627	     0.069707
2018	04	22	     0.658082	     0.125793	     0.039112	     0.028445	     0.019988	     0.017009	     0.023352	     0.088218
2018	04	23	     0.682647	     0.119304	     0.041560	     0.024790	     0.017226	     0.022603	     0.031079	     0.060791
2018	04	24	     0.729964	     0.099516	     0.037558	     0.020561	     0.019008	     0.026501	     0.016449	     0.050443
2018	04	25	     0.764960	     0.090813	     0.032509	     0.015631	     0.012562	     0.013234	     0.019946	     0.050345
2018	04	26	     0.799455	     0.078876	     0.023439	     0.010893	     0.006516	     0.006419	     0.017993	     0.056409
2018	04	27	     0.801423	     0.071240	     0.021341	     0.010366	     0.007114	     0.014228	     0.017480	     0.056809
2018	04	28	     0.812999	     0.066238	     0.020732	     0.009122	     0.007982	     0.014616	     0.019384	     0.048927
2018	04	29	     0.822652	     0.060173	     0.018718	     0.009518	     0.008989	     0.017343	     0.019036	     0.043570
2018	04	30	     0.815347	     0.059942	     0.019310	     0.007945	     0.013577	     0.029669	     0.020718	     0.033491
2018	05	01	     0.792954	     0.050398	     0.026817	     0.027927	     0.044849	     0.021269	     0.011374	     0.024413
2018	05	02	     0.801137	     0.051440	     0.028329	     0.035784	     0.041003	     0.010530	     0.005778	     0.025999
2018	05	03	     0.819174	     0.041386	     0.022402	     0.037399	     0.032938	     0.012245	     0.011106	     0.023351
2018	05	04	     0.815682	     0.040865	     0.024177	     0.039632	     0.029203	     0.013653	     0.009292	     0.027496
2018	05	05	     0.822700	     0.038222	     0.029372	     0.045711	     0.020619	     0.011379	     0.009239	     0.022758
2018	05	06	     0.854926	     0.037845	     0.030336	     0.033240	     0.014217	     0.011814	     0.007909	     0.009712
2018	05	07	     0.867461	     0.030515	     0.030515	     0.031645	     0.016336	     0.011302	     0.005240	     0.006987
2018	05	08	     0.867919	     0.028827	     0.028626	     0.032543	     0.018883	     0.014966	     0.005625	     0.002611
2018	05	09	     0.881898	     0.027082	     0.035940	     0.028100	     0.014661	     0.004785	     0.001934	     0.005600
2018	05	10	     0.902761	     0.028468	     0.028788	     0.019725	     0.007037	     0.003838	     0.002772	     0.006611
2018	05	11	     0.904015	     0.028536	     0.031469	     0.016806	     0.005640	     0.003835	     0.003271	     0.006429
2018	05	12	     0.901696	     0.031773	     0.031295	     0.015170	     0.005733	     0.004419	     0.003464	     0.006450
2018	05	13	     0.896647	     0.033534	     0.034409	     0.015265	     0.005881	     0.004004	     0.004254	     0.006006
2018	05	14	     0.885744	     0.039501	     0.038471	     0.015826	     0.009135	     0.004117	     0.003474	     0.003731
2018	05	15	     0.880121	     0.046107	     0.041365	     0.016862	     0.006718	     0.004084	     0.001581	     0.003162
2018	05	16	     0.868950	     0.053834	     0.047172	     0.016313	     0.006389	     0.002991	     0.002447	     0.001903
2018	05	17	     0.847526	     0.078957	     0.048336	     0.014298	     0.005947	     0.003037	     0.001012	     0.000886
2018	05	18	     0.853001	     0.083037	     0.037640	     0.012970	     0.005595	     0.003306	     0.002035	     0.002416
2018	05	19	     0.851480	     0.095930	     0.031316	     0.011628	     0.004493	     0.002511	     0.001189	     0.001453
2018	05	20	     0.874294	     0.093453	     0.022192	     0.006478	     0.001930	     0.000414	     0.000414	     0.000827
2018	05	21	     0.896903	     0.084118	     0.014576	     0.002126	     0.000000	     0.000759	     0.000456	     0.001063
2018	05	22	     0.911529	     0.070196	     0.013834	     0.001537	     0.000512	     0.000342	     0.000854	     0.001196
2018	05	23	     0.910717	     0.078934	     0.005087	     0.002631	     0.001929	     0.000175	     0.000351	     0.000175
2018	05	24	     0.915850	     0.073583	     0.006340	     0.002882	     0.000768	     0.000000	     0.000384	     0.000192
2018	05	25	     0.929947	     0.065608	     0.001693	     0.000635	     0.000000	     0.001481	     0.000212	     0.000423
2018	05	26	     0.926006	     0.066571	     0.003352	     0.001916	     0.001197	     0.000479	     0.000000	     0.000479
2018	05	27	     0.935315	     0.056444	     0.004496	     0.002997	     0.000250	     0.000000	     0.000000	     0.000500
2018	05	28	     0.950584	     0.044257	     0.002444	     0.000815	     0.001086	     0.000543	     0.000000	     0.000272
2018	05	29	     0.972973	     0.022523	     0.001201	     0.000601	     0.002102	     0.000300	     0.000000	     0.000300
2018	05	30	     0.982211	     0.012389	     0.002541	     0.002224	     0.000318	     0.000000	     0.000318	     0.000000
2018	05	31	     0.986005	     0.009330	     0.003665	     0.000000	     0.000666	     0.000000	     0.000000	     0.000333
