2017	12	01	     0.334917	     0.316706	     0.311956	     0.031671	     0.004751	     0.000000	     0.000000	     0.000000
2017	12	02	     0.307820	     0.188852	     0.407654	     0.084859	     0.010815	     0.000000	     0.000000	     0.000000
2017	12	03	     0.318436	     0.162942	     0.361266	     0.141527	     0.015829	     0.000000	     0.000000	     0.000000
2017	12	04	     0.283626	     0.312135	     0.304825	     0.089912	     0.009503	     0.000000	     0.000000	     0.000000
2017	12	05	     0.287739	     0.236003	     0.300496	     0.164422	     0.011339	     0.000000	     0.000000	     0.000000
2017	12	06	     0.257213	     0.311234	     0.265193	     0.151627	     0.014733	     0.000000	     0.000000	     0.000000
2017	12	07	     0.268953	     0.166667	     0.412154	     0.135981	     0.014440	     0.001805	     0.000000	     0.000000
2017	12	08	     0.301887	     0.165710	     0.364233	     0.146021	     0.017227	     0.004922	     0.000000	     0.000000
2017	12	09	     0.315886	     0.179982	     0.370064	     0.110193	     0.016529	     0.007346	     0.000000	     0.000000
2017	12	10	     0.286845	     0.213650	     0.365974	     0.105836	     0.018793	     0.008902	     0.000000	     0.000000
2017	12	11	     0.240628	     0.175240	     0.429817	     0.123801	     0.022668	     0.007847	     0.000000	     0.000000
2017	12	12	     0.300129	     0.174165	     0.394602	     0.106684	     0.017995	     0.005784	     0.000643	     0.000000
2017	12	13	     0.302556	     0.271779	     0.379238	     0.026604	     0.011476	     0.007303	     0.001043	     0.000000
2017	12	14	     0.329815	     0.177836	     0.360950	     0.110818	     0.010026	     0.008971	     0.001583	     0.000000
2017	12	15	     0.334591	     0.126078	     0.355603	     0.160560	     0.009159	     0.012392	     0.001616	     0.000000
2017	12	16	     0.280556	     0.190278	     0.355556	     0.149074	     0.012500	     0.009259	     0.002778	     0.000000
2017	12	17	     0.220746	     0.186884	     0.389198	     0.174453	     0.016288	     0.009001	     0.003429	     0.000000
2017	12	18	     0.212260	     0.153461	     0.384904	     0.213511	     0.023353	     0.007506	     0.005004	     0.000000
2017	12	19	     0.221374	     0.154580	     0.356870	     0.220611	     0.033206	     0.006870	     0.006107	     0.000382
2017	12	20	     0.296900	     0.158188	     0.258744	     0.211049	     0.059221	     0.007949	     0.007154	     0.000795
2017	12	21	     0.338570	     0.111155	     0.252946	     0.203456	     0.075805	     0.008248	     0.008641	     0.001178
2017	12	22	     0.311275	     0.175970	     0.217375	     0.184843	     0.088725	     0.012200	     0.008503	     0.001109
2017	12	23	     0.307876	     0.189567	     0.218207	     0.178998	     0.084555	     0.011592	     0.008183	     0.001023
2017	12	24	     0.260050	     0.214824	     0.278266	     0.151696	     0.074749	     0.010992	     0.006281	     0.003141
2017	12	25	     0.264167	     0.177897	     0.315478	     0.136453	     0.084860	     0.010995	     0.006766	     0.003383
2017	12	26	     0.276465	     0.196947	     0.309453	     0.131462	     0.065977	     0.009601	     0.005908	     0.004185
2017	12	27	     0.296620	     0.206850	     0.307813	     0.115290	     0.052384	     0.009850	     0.006492	     0.004701
2017	12	28	     0.271413	     0.229118	     0.331775	     0.100531	     0.045696	     0.009777	     0.006801	     0.004888
2017	12	29	     0.327024	     0.210632	     0.305276	     0.099476	     0.036851	     0.008659	     0.007249	     0.004833
2017	12	30	     0.372108	     0.163676	     0.251027	     0.143351	     0.048432	     0.008000	     0.007351	     0.006054
2017	12	31	     0.359663	     0.157523	     0.223082	     0.174824	     0.060779	     0.008422	     0.007284	     0.008422
2018	01	01	     0.388791	     0.147176	     0.203663	     0.167917	     0.068182	     0.007502	     0.007723	     0.009047
2018	01	02	     0.306899	     0.203954	     0.222652	     0.158607	     0.081238	     0.009456	     0.007092	     0.010101
2018	01	03	     0.291468	     0.179572	     0.254100	     0.153415	     0.089890	     0.013494	     0.007266	     0.010795
2018	01	04	     0.287462	     0.189947	     0.254518	     0.148155	     0.086785	     0.016190	     0.006589	     0.010354
2018	01	05	     0.344259	     0.190113	     0.214210	     0.149717	     0.073175	     0.012225	     0.005670	     0.010631
2018	01	06	     0.361067	     0.221499	     0.216577	     0.128612	     0.045888	     0.010956	     0.004922	     0.010480
2018	01	07	     0.276157	     0.312143	     0.269975	     0.080691	     0.033767	     0.011414	     0.004597	     0.011256
2018	01	08	     0.312808	     0.267374	     0.289493	     0.063668	     0.039008	     0.011508	     0.005081	     0.011060
2018	01	09	     0.346954	     0.207358	     0.273957	     0.095681	     0.046532	     0.012942	     0.005526	     0.011051
2018	01	10	     0.346175	     0.204650	     0.243174	     0.126250	     0.048391	     0.015410	     0.005137	     0.010814
2018	01	11	     0.317546	     0.169833	     0.288178	     0.143464	     0.047488	     0.017246	     0.006123	     0.010122
2018	01	12	     0.306696	     0.166422	     0.287023	     0.142107	     0.057429	     0.023949	     0.005987	     0.010386
2018	01	13	     0.263764	     0.152778	     0.303929	     0.161286	     0.070445	     0.029404	     0.007132	     0.011261
2018	01	14	     0.247559	     0.178101	     0.291016	     0.157959	     0.073975	     0.032349	     0.007324	     0.011719
2018	01	15	     0.311767	     0.255610	     0.220071	     0.116870	     0.048525	     0.029274	     0.006265	     0.011619
2018	01	16	     0.461324	     0.231855	     0.160768	     0.076457	     0.029628	     0.021475	     0.008153	     0.010340
2018	01	17	     0.423752	     0.275416	     0.175139	     0.057671	     0.032440	     0.017283	     0.008410	     0.009889
2018	01	18	     0.358087	     0.269453	     0.246917	     0.056428	     0.035312	     0.016769	     0.006920	     0.010114
2018	01	19	     0.304649	     0.250316	     0.309626	     0.064625	     0.036362	     0.017717	     0.006581	     0.010124
2018	01	20	     0.271880	     0.226373	     0.348140	     0.084958	     0.033936	     0.017939	     0.007067	     0.009707
2018	01	21	     0.232452	     0.214494	     0.364213	     0.123210	     0.032139	     0.016105	     0.008124	     0.009264
2018	01	22	     0.212623	     0.183666	     0.383283	     0.149918	     0.036076	     0.016292	     0.008968	     0.009173
2018	01	23	     0.197125	     0.148742	     0.379476	     0.194529	     0.044589	     0.018235	     0.008119	     0.009184
2018	01	24	     0.235942	     0.150362	     0.310145	     0.212681	     0.049203	     0.024638	     0.006884	     0.010145
2018	01	25	     0.282301	     0.173636	     0.289747	     0.155388	     0.054905	     0.021520	     0.012274	     0.010228
2018	01	26	     0.234447	     0.180859	     0.293724	     0.168930	     0.070747	     0.024500	     0.015416	     0.011378
2018	01	27	     0.221909	     0.130343	     0.319556	     0.199877	     0.076320	     0.026527	     0.014189	     0.011281
2018	01	28	     0.230251	     0.125226	     0.287157	     0.225571	     0.076367	     0.029479	     0.015027	     0.010921
2018	01	29	     0.243268	     0.144356	     0.251292	     0.225986	     0.079855	     0.029242	     0.015122	     0.010879
2018	01	30	     0.290920	     0.141361	     0.227611	     0.212455	     0.074538	     0.028796	     0.013778	     0.010540
2018	01	31	     0.261786	     0.144325	     0.229684	     0.217529	     0.089255	     0.031498	     0.014909	     0.011014
2018	02	01	     0.278618	     0.134554	     0.209708	     0.227024	     0.084167	     0.036832	     0.017174	     0.011923
2018	02	02	     0.258258	     0.135323	     0.263474	     0.191973	     0.080484	     0.040351	     0.017314	     0.012822
2018	02	03	     0.239246	     0.172271	     0.270283	     0.177307	     0.073986	     0.036755	     0.016608	     0.013545
2018	02	04	     0.223098	     0.204667	     0.258719	     0.184498	     0.066712	     0.033449	     0.015577	     0.013280
2018	02	05	     0.233519	     0.196346	     0.242969	     0.194513	     0.071138	     0.032190	     0.015408	     0.013918
2018	02	06	     0.240213	     0.186910	     0.240538	     0.197159	     0.071467	     0.031992	     0.016647	     0.015074
2018	02	07	     0.249011	     0.157236	     0.249813	     0.200342	     0.077602	     0.031768	     0.017863	     0.016365
2018	02	08	     0.244333	     0.106573	     0.251434	     0.220644	     0.102710	     0.035505	     0.020621	     0.018179
2018	02	09	     0.245356	     0.100791	     0.246059	     0.210900	     0.116847	     0.038558	     0.021916	     0.019572
2018	02	10	     0.241631	     0.105331	     0.254812	     0.209962	     0.108422	     0.036802	     0.023154	     0.019888
2018	02	11	     0.217186	     0.124510	     0.238581	     0.221050	     0.116667	     0.036448	     0.025317	     0.020242
2018	02	12	     0.221160	     0.124329	     0.205287	     0.217502	     0.138432	     0.043430	     0.027320	     0.022541
2018	02	13	     0.273951	     0.121227	     0.161715	     0.196011	     0.148139	     0.045013	     0.030009	     0.023936
2018	02	14	     0.262733	     0.115255	     0.164060	     0.208234	     0.147416	     0.046865	     0.028657	     0.026780
2018	02	15	     0.249858	     0.117647	     0.172165	     0.214462	     0.148420	     0.042867	     0.027544	     0.027037
2018	02	16	     0.213020	     0.127372	     0.189581	     0.213648	     0.154204	     0.045180	     0.028528	     0.028466
2018	02	17	     0.210257	     0.142603	     0.195785	     0.201815	     0.147829	     0.046979	     0.027223	     0.027510
2018	02	18	     0.191812	     0.139554	     0.210889	     0.201705	     0.151744	     0.049032	     0.027550	     0.027714
2018	02	19	     0.176733	     0.139892	     0.214664	     0.201795	     0.155044	     0.057181	     0.028487	     0.026204
2018	02	20	     0.160845	     0.142047	     0.229179	     0.187537	     0.163608	     0.062710	     0.027383	     0.026692
2018	02	21	     0.151051	     0.115852	     0.261139	     0.178786	     0.153036	     0.083203	     0.027734	     0.029199
2018	02	22	     0.141907	     0.093835	     0.269730	     0.187901	     0.144586	     0.099007	     0.030062	     0.032972
2018	02	23	     0.147485	     0.106447	     0.252016	     0.186205	     0.133627	     0.105556	     0.033641	     0.035022
2018	02	24	     0.142943	     0.130988	     0.252507	     0.168438	     0.119676	     0.109221	     0.039335	     0.036893
2018	02	25	     0.156867	     0.161271	     0.249306	     0.145799	     0.104221	     0.107554	     0.041022	     0.033960
2018	02	26	     0.178133	     0.180110	     0.245294	     0.128542	     0.095722	     0.097319	     0.041833	     0.033048
2018	02	27	     0.199713	     0.186634	     0.254605	     0.115274	     0.079097	     0.087238	     0.044356	     0.033083
2018	02	28	     0.178637	     0.187751	     0.274408	     0.115822	     0.073934	     0.083558	     0.051476	     0.034415
2018	03	01	     0.173336	     0.166366	     0.300959	     0.114284	     0.074585	     0.077805	     0.056434	     0.036231
2018	03	02	     0.187239	     0.143842	     0.301506	     0.121126	     0.074420	     0.071835	     0.060632	     0.039399
2018	03	03	     0.181507	     0.136130	     0.302277	     0.134789	     0.073850	     0.065734	     0.063890	     0.041822
2018	03	04	     0.165130	     0.133065	     0.305256	     0.150062	     0.076616	     0.061679	     0.064621	     0.043571
2018	03	05	     0.174022	     0.124040	     0.283919	     0.170390	     0.078525	     0.056122	     0.066697	     0.046286
2018	03	06	     0.183512	     0.123428	     0.247455	     0.185242	     0.085601	     0.051268	     0.072061	     0.051434
2018	03	07	     0.192844	     0.128262	     0.228089	     0.187571	     0.085608	     0.049129	     0.072625	     0.055871
2018	03	08	     0.198369	     0.135121	     0.213094	     0.183374	     0.089564	     0.045759	     0.073458	     0.061260
2018	03	09	     0.221802	     0.115949	     0.205877	     0.174548	     0.091316	     0.050203	     0.072026	     0.068279
2018	03	10	     0.220116	     0.103687	     0.199022	     0.179891	     0.099547	     0.047864	     0.076132	     0.073741
2018	03	11	     0.207644	     0.097719	     0.191321	     0.189062	     0.108905	     0.049406	     0.076878	     0.079064
2018	03	12	     0.211563	     0.100585	     0.159226	     0.191453	     0.121520	     0.052450	     0.076386	     0.086816
2018	03	13	     0.236776	     0.121018	     0.143088	     0.169683	     0.118259	     0.052785	     0.079195	     0.079195
2018	03	14	     0.257182	     0.149541	     0.164824	     0.145243	     0.104349	     0.038052	     0.066470	     0.074337
2018	03	15	     0.233872	     0.171573	     0.176104	     0.149504	     0.095853	     0.039815	     0.051437	     0.081843
2018	03	16	     0.188788	     0.187729	     0.207486	     0.150333	     0.097693	     0.037019	     0.042283	     0.088669
2018	03	17	     0.173319	     0.169262	     0.255262	     0.150327	     0.090585	     0.035858	     0.037870	     0.087517
2018	03	18	     0.228188	     0.177936	     0.242368	     0.130202	     0.073227	     0.029189	     0.033204	     0.085686
2018	03	19	     0.294271	     0.170652	     0.215298	     0.114671	     0.060950	     0.028755	     0.032099	     0.083304
2018	03	20	     0.322295	     0.180742	     0.187573	     0.109226	     0.070257	     0.024521	     0.032233	     0.073153
2018	03	21	     0.317190	     0.201899	     0.179351	     0.103623	     0.067614	     0.028587	     0.033744	     0.067992
2018	03	22	     0.336484	     0.179884	     0.180806	     0.104005	     0.061356	     0.030134	     0.035272	     0.072059
2018	03	23	     0.344871	     0.180228	     0.169225	     0.107521	     0.065650	     0.024079	     0.038025	     0.070399
2018	03	24	     0.346218	     0.186101	     0.163921	     0.101831	     0.067253	     0.027682	     0.040522	     0.066472
2018	03	25	     0.386399	     0.153606	     0.144250	     0.101233	     0.070691	     0.031438	     0.049003	     0.063378
2018	03	26	     0.391812	     0.163804	     0.135465	     0.110043	     0.062799	     0.022253	     0.041878	     0.071946
2018	03	27	     0.409625	     0.144665	     0.130993	     0.114057	     0.062378	     0.023500	     0.037318	     0.077464
2018	03	28	     0.415407	     0.131458	     0.132892	     0.112668	     0.064755	     0.025997	     0.037286	     0.079537
2018	03	29	     0.418218	     0.134173	     0.131296	     0.112248	     0.063445	     0.024875	     0.035073	     0.080672
2018	03	30	     0.429583	     0.134901	     0.126416	     0.101212	     0.068170	     0.024737	     0.034085	     0.080897
2018	03	31	     0.438831	     0.126210	     0.122696	     0.102510	     0.071280	     0.023342	     0.034349	     0.080782
2018	04	01	     0.445621	     0.126104	     0.118916	     0.099925	     0.072494	     0.022853	     0.037660	     0.076428
2018	04	02	     0.465987	     0.125118	     0.111660	     0.104405	     0.059019	     0.024673	     0.044860	     0.064276
2018	04	03	     0.483790	     0.110270	     0.113909	     0.110711	     0.050210	     0.021319	     0.033816	     0.075976
2018	04	04	     0.492760	     0.125198	     0.100291	     0.101102	     0.051840	     0.021886	     0.031797	     0.075126
2018	04	05	     0.479722	     0.116300	     0.108073	     0.106219	     0.054114	     0.024179	     0.044303	     0.067092
2018	04	06	     0.497991	     0.115116	     0.089838	     0.102516	     0.056602	     0.025629	     0.050049	     0.062259
2018	04	07	     0.535744	     0.096800	     0.076517	     0.094638	     0.053242	     0.021613	     0.041729	     0.079717
2018	04	08	     0.533676	     0.079014	     0.068239	     0.103667	     0.061455	     0.026161	     0.050459	     0.077329
2018	04	09	     0.535600	     0.070839	     0.066871	     0.110069	     0.059205	     0.026785	     0.056229	     0.074401
2018	04	10	     0.531352	     0.076623	     0.078690	     0.100280	     0.056778	     0.027424	     0.053516	     0.075336
2018	04	11	     0.523445	     0.078736	     0.077831	     0.105251	     0.054458	     0.028848	     0.054030	     0.077403
2018	04	12	     0.505698	     0.077519	     0.086615	     0.104908	     0.056228	     0.026639	     0.060926	     0.081467
2018	04	13	     0.482160	     0.084238	     0.095456	     0.103506	     0.057180	     0.027681	     0.069956	     0.079823
2018	04	14	     0.470104	     0.092861	     0.096276	     0.100070	     0.057028	     0.028514	     0.075243	     0.079905
2018	04	15	     0.463090	     0.091184	     0.103909	     0.101321	     0.058992	     0.033702	     0.085468	     0.062335
2018	04	16	     0.445308	     0.092795	     0.108836	     0.106865	     0.060933	     0.049984	     0.089182	     0.046097
2018	04	17	     0.451597	     0.092554	     0.107108	     0.102911	     0.063066	     0.052818	     0.088793	     0.041153
2018	04	18	     0.447346	     0.105026	     0.103051	     0.092560	     0.064301	     0.056010	     0.089740	     0.041965
2018	04	19	     0.431311	     0.103842	     0.098100	     0.098161	     0.064504	     0.050211	     0.111722	     0.042148
2018	04	20	     0.413255	     0.101882	     0.093326	     0.105371	     0.065421	     0.057128	     0.122153	     0.041464
2018	04	21	     0.386725	     0.089341	     0.085328	     0.116397	     0.070314	     0.069050	     0.139141	     0.043704
2018	04	22	     0.346585	     0.082114	     0.091545	     0.127398	     0.078537	     0.100325	     0.134065	     0.039431
2018	04	23	     0.336989	     0.087731	     0.100346	     0.127391	     0.073219	     0.124918	     0.114281	     0.035125
2018	04	24	     0.325878	     0.077133	     0.091397	     0.148191	     0.081271	     0.141146	     0.111825	     0.023158
2018	04	25	     0.314824	     0.081788	     0.079153	     0.132141	     0.100518	     0.169976	     0.101082	     0.020518
2018	04	26	     0.298061	     0.073708	     0.080473	     0.130957	     0.102484	     0.193659	     0.096830	     0.023829
2018	04	27	     0.272698	     0.063683	     0.094939	     0.135445	     0.101637	     0.210185	     0.096853	     0.024559
2018	04	28	     0.259838	     0.061301	     0.096442	     0.136570	     0.107305	     0.200754	     0.113513	     0.024277
2018	04	29	     0.252897	     0.065440	     0.100318	     0.140423	     0.101568	     0.195751	     0.118041	     0.025562
2018	04	30	     0.248585	     0.063811	     0.113195	     0.147708	     0.105760	     0.214627	     0.085118	     0.021196
2018	05	01	     0.253769	     0.076753	     0.131787	     0.150237	     0.135582	     0.208434	     0.026885	     0.016552
2018	05	02	     0.262460	     0.075620	     0.127184	     0.152751	     0.179827	     0.169687	     0.018015	     0.014455
2018	05	03	     0.240623	     0.075358	     0.130371	     0.154467	     0.185610	     0.185724	     0.013185	     0.014662
2018	05	04	     0.252549	     0.093026	     0.128591	     0.154078	     0.170065	     0.162882	     0.023517	     0.015292
2018	05	05	     0.212802	     0.110432	     0.157220	     0.170046	     0.173223	     0.145126	     0.016492	     0.014659
2018	05	06	     0.193773	     0.116572	     0.162378	     0.203165	     0.197375	     0.107823	     0.006305	     0.012609
2018	05	07	     0.179531	     0.127631	     0.187608	     0.198729	     0.227459	     0.065802	     0.003178	     0.010062
2018	05	08	     0.201220	     0.129560	     0.218876	     0.189407	     0.213164	     0.035960	     0.001817	     0.009996
2018	05	09	     0.222922	     0.134174	     0.238152	     0.197190	     0.185637	     0.010634	     0.002626	     0.008665
2018	05	10	     0.250445	     0.150843	     0.246883	     0.199342	     0.135909	     0.004658	     0.004110	     0.007809
2018	05	11	     0.262313	     0.159620	     0.254500	     0.179713	     0.126971	     0.006558	     0.002651	     0.007674
2018	05	12	     0.267007	     0.161139	     0.249008	     0.175170	     0.132228	     0.005527	     0.002551	     0.007370
2018	05	13	     0.274102	     0.173987	     0.236309	     0.173987	     0.128779	     0.002710	     0.002995	     0.007131
2018	05	14	     0.295458	     0.181546	     0.227823	     0.180550	     0.101951	     0.002136	     0.003987	     0.006550
2018	05	15	     0.312482	     0.211083	     0.221222	     0.185376	     0.057269	     0.002999	     0.003570	     0.005998
2018	05	16	     0.316934	     0.228779	     0.215413	     0.185127	     0.041945	     0.003697	     0.003128	     0.004977
2018	05	17	     0.386101	     0.298958	     0.209729	     0.092703	     0.004726	     0.001529	     0.002085	     0.004170
2018	05	18	     0.482223	     0.321669	     0.165593	     0.020577	     0.003219	     0.001540	     0.001680	     0.003499
2018	05	19	     0.570092	     0.302821	     0.113558	     0.004174	     0.003598	     0.002159	     0.000576	     0.003022
2018	05	20	     0.679155	     0.273666	     0.034536	     0.004471	     0.003700	     0.001388	     0.000308	     0.002775
2018	05	21	     0.819641	     0.159303	     0.008457	     0.005005	     0.003279	     0.001036	     0.000518	     0.002761
2018	05	22	     0.899698	     0.079902	     0.009256	     0.004156	     0.003022	     0.000567	     0.000567	     0.002833
2018	05	23	     0.961329	     0.023364	     0.008661	     0.001813	     0.001410	     0.000403	     0.000201	     0.002820
2018	05	24	     0.970959	     0.016209	     0.005853	     0.002026	     0.001351	     0.000225	     0.000675	     0.002701
2018	05	25	     0.966521	     0.019505	     0.005531	     0.002620	     0.001164	     0.000291	     0.000873	     0.003493
2018	05	26	     0.970420	     0.014968	     0.005702	     0.002851	     0.000356	     0.000713	     0.001069	     0.003920
2018	05	27	     0.977281	     0.010981	     0.004544	     0.001136	     0.000757	     0.000757	     0.001515	     0.003029
2018	05	28	     0.980306	     0.007877	     0.003501	     0.001313	     0.001313	     0.001313	     0.001751	     0.002626
2018	05	29	     0.976961	     0.009963	     0.002491	     0.001868	     0.001868	     0.001868	     0.002491	     0.002491
2018	05	30	     0.975289	     0.007722	     0.007722	     0.000772	     0.002317	     0.001544	     0.002317	     0.002317
2018	05	31	     0.976943	     0.006832	     0.005978	     0.001708	     0.003416	     0.001708	     0.002562	     0.000854
