2017	12	07	04	24	17	     0.141498	     0.832342	     0.017836	     0.008323	     0.000000	     0.000000	     0.000000	     0.000000
2017	12	07	05	16	20	     0.123687	     0.844807	     0.009335	     0.022170	     0.000000	     0.000000	     0.000000	     0.000000
2017	12	08	05	06	21	     0.134180	     0.707162	     0.130553	     0.028105	     0.000000	     0.000000	     0.000000	     0.000000
2017	12	08	16	15	26	     0.134180	     0.707162	     0.130553	     0.028105	     0.000000	     0.000000	     0.000000	     0.000000
2017	12	08	16	20	50	     0.134180	     0.707162	     0.130553	     0.028105	     0.000000	     0.000000	     0.000000	     0.000000
2017	12	09	15	47	06	     0.104131	     0.801205	     0.083477	     0.011188	     0.000000	     0.000000	     0.000000	     0.000000
2017	12	10	04	49	58	     0.078700	     0.786997	     0.124038	     0.010265	     0.000000	     0.000000	     0.000000	     0.000000
2017	12	10	06	25	55	     0.078700	     0.786997	     0.124038	     0.010265	     0.000000	     0.000000	     0.000000	     0.000000
2017	12	11	05	29	34	     0.075808	     0.823995	     0.096902	     0.003296	     0.000000	     0.000000	     0.000000	     0.000000
2017	12	11	16	27	56	     0.075808	     0.823995	     0.096902	     0.003296	     0.000000	     0.000000	     0.000000	     0.000000
2017	12	12	04	33	33	     0.075808	     0.823995	     0.096902	     0.003296	     0.000000	     0.000000	     0.000000	     0.000000
2017	12	12	15	59	17	     0.078947	     0.741447	     0.081579	     0.098026	     0.000000	     0.000000	     0.000000	     0.000000
2017	12	13	05	14	33	     0.079616	     0.687028	     0.111874	     0.121482	     0.000000	     0.000000	     0.000000	     0.000000
2017	12	13	15	29	08	     0.079616	     0.687028	     0.111874	     0.121482	     0.000000	     0.000000	     0.000000	     0.000000
2017	12	14	05	10	30	     0.071189	     0.482874	     0.367361	     0.078576	     0.000000	     0.000000	     0.000000	     0.000000
2017	12	14	16	39	41	     0.076403	     0.551048	     0.287356	     0.085193	     0.000000	     0.000000	     0.000000	     0.000000
2017	12	15	04	58	10	     0.113728	     0.582773	     0.197174	     0.106326	     0.000000	     0.000000	     0.000000	     0.000000
2017	12	15	16	10	41	     0.113728	     0.582773	     0.197174	     0.106326	     0.000000	     0.000000	     0.000000	     0.000000
2017	12	15	16	13	24	     0.085937	     0.607955	     0.208807	     0.097301	     0.000000	     0.000000	     0.000000	     0.000000
2017	12	16	15	41	51	     0.085349	     0.608108	     0.209104	     0.097440	     0.000000	     0.000000	     0.000000	     0.000000
2017	12	17	05	24	55	     0.218391	     0.494253	     0.197431	     0.089926	     0.000000	     0.000000	     0.000000	     0.000000
2017	12	18	05	22	47	     0.111524	     0.612144	     0.243494	     0.032838	     0.000000	     0.000000	     0.000000	     0.000000
2017	12	19	04	24	17	     0.115244	     0.559446	     0.286652	     0.038658	     0.000000	     0.000000	     0.000000	     0.000000
2017	12	20	05	06	21	     0.104701	     0.323362	     0.306980	     0.122507	     0.142450	     0.000000	     0.000000	     0.000000
2017	12	21	05	06	21	     0.103989	     0.262821	     0.298433	     0.192308	     0.142450	     0.000000	     0.000000	     0.000000
2017	12	21	16	35	13	     0.103989	     0.262821	     0.298433	     0.192308	     0.142450	     0.000000	     0.000000	     0.000000
2017	12	22	04	49	58	     0.073209	     0.234424	     0.326324	     0.210280	     0.155763	     0.000000	     0.000000	     0.000000
2017	12	22	16	07	37	     0.073209	     0.234424	     0.326324	     0.210280	     0.155763	     0.000000	     0.000000	     0.000000
2017	12	23	05	29	33	     0.068526	     0.158566	     0.443825	     0.195219	     0.133865	     0.000000	     0.000000	     0.000000
2017	12	23	15	38	48	     0.067729	     0.213546	     0.292430	     0.289243	     0.137052	     0.000000	     0.000000	     0.000000
2017	12	24	05	18	53	     0.057898	     0.147963	     0.187277	     0.466047	     0.140815	     0.000000	     0.000000	     0.000000
2017	12	24	16	47	19	     0.057898	     0.147963	     0.187277	     0.466047	     0.140815	     0.000000	     0.000000	     0.000000
2017	12	25	05	14	32	     0.033113	     0.107164	     0.600241	     0.157134	     0.102348	     0.000000	     0.000000	     0.000000
2017	12	25	16	20	06	     0.032525	     0.107037	     0.619752	     0.145476	     0.095210	     0.000000	     0.000000	     0.000000
2017	12	26	04	15	50	     0.024184	     0.096131	     0.633615	     0.148730	     0.097340	     0.000000	     0.000000	     0.000000
2017	12	26	15	50	54	     0.053982	     0.542491	     0.197755	     0.129343	     0.076430	     0.000000	     0.000000	     0.000000
2017	12	27	04	58	09	     0.049552	     0.221402	     0.525567	     0.118608	     0.084871	     0.000000	     0.000000	     0.000000
2017	12	27	06	34	06	     0.049552	     0.221402	     0.525567	     0.118608	     0.084871	     0.000000	     0.000000	     0.000000
2017	12	28	05	04	39	     0.049203	     0.490159	     0.266635	     0.122306	     0.071696	     0.000000	     0.000000	     0.000000
2017	12	28	16	31	12	     0.049203	     0.490159	     0.266635	     0.122306	     0.071696	     0.000000	     0.000000	     0.000000
2017	12	29	04	34	11	     0.051270	     0.490122	     0.264346	     0.122295	     0.071966	     0.000000	     0.000000	     0.000000
2017	12	29	04	41	49	     0.051270	     0.490122	     0.264346	     0.122295	     0.071966	     0.000000	     0.000000	     0.000000
2017	12	30	05	22	47	     0.090909	     0.484567	     0.212685	     0.128964	     0.082875	     0.000000	     0.000000	     0.000000
2017	12	31	05	15	45	     0.091879	     0.493847	     0.173093	     0.116489	     0.124692	     0.000000	     0.000000	     0.000000
2017	12	31	16	43	35	     0.091879	     0.493847	     0.173093	     0.116489	     0.124692	     0.000000	     0.000000	     0.000000
2018	01	01	05	06	20	     0.107286	     0.407126	     0.255004	     0.132506	     0.098078	     0.000000	     0.000000	     0.000000
2018	01	01	16	15	44	     0.112395	     0.402152	     0.259864	     0.131526	     0.094061	     0.000000	     0.000000	     0.000000
2018	01	01	16	20	49	     0.112395	     0.402152	     0.259864	     0.131526	     0.094061	     0.000000	     0.000000	     0.000000
2018	01	02	15	46	48	     0.119194	     0.401562	     0.245376	     0.136868	     0.097000	     0.000000	     0.000000	     0.000000
2018	01	03	04	49	57	     0.097378	     0.350395	     0.275905	     0.160633	     0.115689	     0.000000	     0.000000	     0.000000
2018	01	03	06	25	54	     0.097378	     0.350395	     0.275905	     0.160633	     0.115689	     0.000000	     0.000000	     0.000000
2018	01	04	05	29	33	     0.065990	     0.281034	     0.274573	     0.213198	     0.019382	     0.145824	     0.000000	     0.000000
2018	01	05	04	33	32	     0.076558	     0.238120	     0.252904	     0.243400	     0.022175	     0.166843	     0.000000	     0.000000
2018	01	05	15	58	06	     0.076558	     0.238120	     0.252904	     0.243400	     0.022175	     0.166843	     0.000000	     0.000000
2018	01	06	05	14	32	     0.166585	     0.336126	     0.099064	     0.209956	     0.021193	     0.167077	     0.000000	     0.000000
2018	01	07	05	11	35	     0.089532	     0.560356	     0.076169	     0.140757	     0.020045	     0.113140	     0.000000	     0.000000
2018	01	07	16	39	21	     0.089434	     0.528715	     0.072775	     0.173170	     0.017098	     0.118808	     0.000000	     0.000000
2018	01	08	04	58	09	     0.156442	     0.475460	     0.112347	     0.144939	     0.014187	     0.096626	     0.000000	     0.000000
2018	01	08	16	10	39	     0.156442	     0.475460	     0.112347	     0.144939	     0.014187	     0.096626	     0.000000	     0.000000
2018	01	08	16	13	23	     0.152377	     0.439161	     0.145638	     0.152377	     0.014601	     0.095844	     0.000000	     0.000000
2018	01	09	15	42	43	     0.108553	     0.585526	     0.058480	     0.131944	     0.017178	     0.098319	     0.000000	     0.000000
2018	01	10	05	24	29	     0.099046	     0.537417	     0.143800	     0.103081	     0.016875	     0.099780	     0.000000	     0.000000
2018	01	11	05	22	46	     0.132502	     0.504756	     0.181043	     0.089866	     0.009183	     0.082650	     0.000000	     0.000000
2018	01	12	04	24	16	     0.132502	     0.504756	     0.181043	     0.089866	     0.009183	     0.082650	     0.000000	     0.000000
2018	01	12	15	55	04	     0.140783	     0.314078	     0.339962	     0.107323	     0.009470	     0.088384	     0.000000	     0.000000
2018	01	13	05	06	20	     0.119181	     0.455307	     0.176909	     0.150528	     0.009932	     0.088144	     0.000000	     0.000000
2018	01	14	05	08	46	     0.184663	     0.402761	     0.124847	     0.181595	     0.012883	     0.093252	     0.000000	     0.000000
2018	01	14	16	35	17	     0.184663	     0.402761	     0.124847	     0.181595	     0.012883	     0.093252	     0.000000	     0.000000
2018	01	15	04	49	57	     0.180194	     0.402180	     0.155663	     0.178377	     0.009691	     0.073895	     0.000000	     0.000000
2018	01	15	16	07	32	     0.183988	     0.394260	     0.172508	     0.159214	     0.008761	     0.081269	     0.000000	     0.000000
2018	01	16	05	29	32	     0.168963	     0.421809	     0.161474	     0.158179	     0.008688	     0.080887	     0.000000	     0.000000
2018	01	17	04	33	32	     0.167939	     0.415267	     0.164275	     0.161221	     0.008855	     0.082443	     0.000000	     0.000000
2018	01	18	05	14	31	     0.096711	     0.442508	     0.236435	     0.121170	     0.029800	     0.073376	     0.000000	     0.000000
2018	01	19	04	15	49	     0.092224	     0.448162	     0.216998	     0.141652	     0.037372	     0.063593	     0.000000	     0.000000
2018	01	19	15	50	49	     0.068823	     0.617745	     0.095909	     0.119127	     0.029298	     0.069099	     0.000000	     0.000000
2018	01	20	04	58	08	     0.355406	     0.337558	     0.094930	     0.109933	     0.016555	     0.085618	     0.000000	     0.000000
2018	01	20	06	34	05	     0.355406	     0.337558	     0.094930	     0.109933	     0.016555	     0.085618	     0.000000	     0.000000
2018	01	20	16	13	22	     0.335411	     0.347638	     0.099736	     0.122033	     0.015344	     0.079837	     0.000000	     0.000000
2018	01	22	04	41	48	     0.249934	     0.252592	     0.256049	     0.085881	     0.072321	     0.083223	     0.000000	     0.000000
2018	01	22	16	03	23	     0.112918	     0.269517	     0.382435	     0.097584	     0.065288	     0.072258	     0.000000	     0.000000
2018	01	23	05	22	46	     0.113520	     0.266900	     0.383450	     0.098135	     0.065268	     0.072727	     0.000000	     0.000000
2018	01	24	04	24	16	     0.113520	     0.266900	     0.383450	     0.098135	     0.065268	     0.072727	     0.000000	     0.000000
2018	01	25	05	06	19	     0.000327	     0.038210	     0.642554	     0.171620	     0.100914	     0.046375	     0.000000	     0.000000
2018	01	25	16	14	34	     0.000327	     0.038210	     0.642554	     0.171620	     0.100914	     0.046375	     0.000000	     0.000000
2018	01	25	16	20	48	     0.000327	     0.038700	     0.643044	     0.170640	     0.100914	     0.046375	     0.000000	     0.000000
2018	01	26	15	46	48	     0.000816	     0.049477	     0.553886	     0.238406	     0.081646	     0.075767	     0.000000	     0.000000
2018	01	27	04	49	57	     0.023351	     0.045558	     0.538537	     0.234814	     0.066460	     0.091280	     0.000000	     0.000000
2018	01	27	06	25	53	     0.023351	     0.045558	     0.538537	     0.234814	     0.066460	     0.091280	     0.000000	     0.000000
2018	01	28	05	29	32	     0.038035	     0.173849	     0.414463	     0.213516	     0.035913	     0.124225	     0.000000	     0.000000
2018	01	29	04	33	31	     0.038035	     0.173849	     0.414463	     0.213516	     0.035913	     0.124225	     0.000000	     0.000000
2018	01	29	15	59	20	     0.013386	     0.204865	     0.511263	     0.144793	     0.080313	     0.045380	     0.000000	     0.000000
2018	01	30	05	14	31	     0.014043	     0.219464	     0.501306	     0.140268	     0.079360	     0.045558	     0.000000	     0.000000
2018	01	30	05	14	31	     0.015023	     0.225833	     0.496571	     0.112835	     0.082299	     0.067440	     0.000000	     0.000000
2018	01	31	05	11	29	     0.033475	     0.257022	     0.379001	     0.085402	     0.105976	     0.078054	     0.061071	     0.000000
2018	01	31	15	32	16	     0.028245	     0.272980	     0.368816	     0.080980	     0.109388	     0.073469	     0.066122	     0.000000
2018	02	01	04	58	08	     0.049306	     0.283918	     0.320816	     0.064653	     0.159020	     0.062694	     0.059592	     0.000000
2018	02	01	16	10	57	     0.049306	     0.284082	     0.318041	     0.066612	     0.159673	     0.062694	     0.059592	     0.000000
2018	02	01	16	13	22	     0.036898	     0.225143	     0.277714	     0.168980	     0.158857	     0.079837	     0.052571	     0.000000
2018	02	02	15	42	52	     0.027606	     0.278635	     0.137174	     0.277778	     0.137003	     0.091049	     0.050754	     0.000000
2018	02	03	05	23	41	     0.081499	     0.214844	     0.102628	     0.314276	     0.137784	     0.048651	     0.100320	     0.000000
2018	02	04	05	22	45	     0.017633	     0.163755	     0.349224	     0.149878	     0.130449	     0.151184	     0.037878	     0.000000
2018	02	04	16	23	51	     0.017959	     0.165551	     0.380898	     0.110857	     0.133224	     0.153633	     0.037878	     0.000000
2018	02	05	04	25	48	     0.017959	     0.165551	     0.380898	     0.110857	     0.133224	     0.153633	     0.037878	     0.000000
2018	02	06	05	06	19	     0.000163	     0.000653	     0.363043	     0.070356	     0.338067	     0.099086	     0.128632	     0.000000
2018	02	07	05	08	28	     0.000163	     0.000653	     0.271956	     0.080966	     0.415769	     0.100392	     0.129938	     0.000163
2018	02	08	04	49	56	     0.023343	     0.032484	     0.167483	     0.062684	     0.475188	     0.104473	     0.134182	     0.000163
2018	02	08	16	07	30	     0.015344	     0.045217	     0.111492	     0.070193	     0.510284	     0.127326	     0.120144	     0.000000
2018	02	09	05	29	32	     0.015505	     0.044883	     0.111474	     0.070834	     0.509874	     0.127632	     0.119798	     0.000000
2018	02	09	15	38	40	     0.000326	     0.020895	     0.071172	     0.374959	     0.285994	     0.115246	     0.131407	     0.000000
2018	02	10	04	33	31	     0.000326	     0.020895	     0.071172	     0.374959	     0.285994	     0.115246	     0.131407	     0.000000
2018	02	11	05	14	31	     0.000163	     0.000326	     0.023343	     0.597780	     0.145772	     0.110186	     0.122103	     0.000326
2018	02	12	04	15	49	     0.000163	     0.028086	     0.077237	     0.543926	     0.114631	     0.109569	     0.124592	     0.001796
2018	02	12	15	50	48	     0.077061	     0.024816	     0.036082	     0.389714	     0.270694	     0.072163	     0.107755	     0.021714
2018	02	13	04	58	08	     0.073796	     0.140571	     0.120816	     0.226775	     0.256653	     0.060082	     0.081306	     0.040000
2018	02	13	06	34	05	     0.073796	     0.140571	     0.120816	     0.226775	     0.256653	     0.060082	     0.081306	     0.040000
2018	02	13	16	13	22	     0.014691	     0.199804	     0.107574	     0.203069	     0.309011	     0.038035	     0.087006	     0.040810
2018	02	15	04	41	48	     0.014365	     0.183317	     0.104799	     0.196866	     0.332844	     0.038524	     0.092067	     0.037218
2018	02	15	16	03	18	     0.000000	     0.000327	     0.261878	     0.130939	     0.428082	     0.035592	     0.095347	     0.047837
2018	02	16	05	22	45	     0.000000	     0.000326	     0.249429	     0.121123	     0.434215	     0.031342	     0.106595	     0.056970
2018	02	17	04	24	15	     0.000000	     0.000490	     0.249429	     0.121123	     0.434378	     0.031342	     0.106268	     0.056970
2018	02	18	05	06	19	     0.001796	     0.013875	     0.302481	     0.024486	     0.453640	     0.027261	     0.127000	     0.049461
2018	02	18	16	15	52	     0.001795	     0.014036	     0.302269	     0.031010	     0.438714	     0.023992	     0.146238	     0.041945
2018	02	18	16	20	48	     0.001795	     0.014036	     0.301289	     0.031010	     0.439693	     0.023992	     0.146238	     0.041945
2018	02	19	15	47	00	     0.000326	     0.011262	     0.275502	     0.058267	     0.463196	     0.025951	     0.116860	     0.048637
2018	02	20	04	49	56	     0.000000	     0.031990	     0.241391	     0.074098	     0.444753	     0.025135	     0.072793	     0.109842
2018	02	20	06	25	53	     0.000000	     0.031990	     0.241391	     0.074098	     0.444753	     0.025135	     0.072793	     0.109842
2018	02	20	16	05	25	     0.053851	     0.021214	     0.217200	     0.056299	     0.361945	     0.103949	     0.069843	     0.115698
2018	02	21	05	29	32	     0.000163	     0.079321	     0.234699	     0.020075	     0.381753	     0.097438	     0.058920	     0.127632
2018	02	22	04	33	31	     0.000163	     0.079321	     0.234699	     0.020075	     0.381753	     0.097438	     0.058920	     0.127632
2018	02	22	15	59	09	     0.041619	     0.008161	     0.185409	     0.092215	     0.077689	     0.405419	     0.070344	     0.119145
2018	02	23	05	14	30	     0.041626	     0.007999	     0.185113	     0.092067	     0.077538	     0.405648	     0.068723	     0.121286
2018	02	24	05	11	29	     0.000000	     0.011427	     0.135488	     0.148874	     0.101208	     0.419197	     0.056807	     0.127000
2018	02	24	05	12	36	     0.000000	     0.011427	     0.135488	     0.148874	     0.101208	     0.419197	     0.056807	     0.127000
2018	02	25	04	58	08	     0.007834	     0.025624	     0.111474	     0.141994	     0.111474	     0.405908	     0.079484	     0.116207
2018	02	25	16	11	42	     0.006530	     0.026608	     0.101371	     0.106758	     0.137120	     0.442377	     0.061704	     0.117532
2018	02	25	16	13	21	     0.006528	     0.027909	     0.092215	     0.101191	     0.144606	     0.437571	     0.068386	     0.121593
2018	02	27	05	24	43	     0.004571	     0.030367	     0.074122	     0.075918	     0.174857	     0.445878	     0.065469	     0.128816
2018	02	28	05	22	45	     0.036741	     0.025637	     0.080503	     0.054703	     0.206564	     0.417538	     0.054703	     0.123612
2018	03	01	04	25	04	     0.036741	     0.025637	     0.080503	     0.052253	     0.209014	     0.417538	     0.054703	     0.123612
2018	03	02	05	06	19	     0.015184	     0.021061	     0.063837	     0.203918	     0.101878	     0.406367	     0.051592	     0.136163
2018	03	03	05	08	26	     0.017959	     0.028245	     0.058612	     0.027102	     0.435429	     0.249633	     0.045878	     0.137143
2018	03	04	04	49	56	     0.016324	     0.020405	     0.063173	     0.130101	     0.216128	     0.367287	     0.057297	     0.129285
2018	03	04	16	06	50	     0.016324	     0.020405	     0.063173	     0.096311	     0.244858	     0.372347	     0.057297	     0.129285
2018	03	05	05	29	32	     0.000000	     0.015344	     0.069866	     0.088312	     0.270160	     0.377571	     0.056644	     0.122103
2018	03	05	15	38	35	     0.000000	     0.009958	     0.078028	     0.030036	     0.288932	     0.410219	     0.055991	     0.126836
2018	03	06	05	21	11	     0.000000	     0.018117	     0.061041	     0.037702	     0.269137	     0.438551	     0.047005	     0.128448
2018	03	07	05	14	30	     0.000000	     0.069039	     0.024482	     0.037865	     0.243186	     0.438877	     0.057287	     0.129264
2018	03	08	04	20	54	     0.000000	     0.038198	     0.057950	     0.127326	     0.180542	     0.409239	     0.064479	     0.122266
2018	03	08	15	50	48	     0.000000	     0.000326	     0.001796	     0.049135	     0.561541	     0.181032	     0.091903	     0.114267
2018	03	09	04	58	08	     0.000000	     0.008977	     0.008324	     0.058430	     0.333279	     0.381263	     0.080627	     0.129101
2018	03	09	06	34	05	     0.000000	     0.008977	     0.008324	     0.058430	     0.333279	     0.381263	     0.080627	     0.129101
2018	03	09	16	13	21	     0.000000	     0.007834	     0.008161	     0.054513	     0.364289	     0.359066	     0.077852	     0.128285
2018	03	11	04	41	48	     0.000163	     0.000163	     0.000490	     0.080640	     0.354554	     0.355860	     0.082599	     0.125531
2018	03	11	16	03	17	     0.000163	     0.009794	     0.033790	     0.070356	     0.260692	     0.413973	     0.088312	     0.122919
2018	03	12	05	22	45	     0.000163	     0.009954	     0.030352	     0.069517	     0.258975	     0.399641	     0.108518	     0.122879
2018	03	12	15	33	23	     0.000163	     0.009954	     0.030352	     0.069517	     0.258975	     0.399641	     0.108518	     0.122879
2018	03	13	04	24	15	     0.000163	     0.009954	     0.030352	     0.069517	     0.258975	     0.399478	     0.108681	     0.122879
2018	03	13	16	43	29	     0.000163	     0.009954	     0.030352	     0.069517	     0.258975	     0.399478	     0.108681	     0.122879
2018	03	14	05	06	19	     0.000163	     0.000980	     0.006533	     0.034787	     0.303773	     0.090152	     0.443737	     0.119876
2018	03	14	16	15	51	     0.000163	     0.010942	     0.008003	     0.023681	     0.309489	     0.076596	     0.447820	     0.123306
2018	03	15	04	16	44	     0.000163	     0.010942	     0.008003	     0.023681	     0.305896	     0.076270	     0.451739	     0.123306
2018	03	15	15	46	55	     0.023681	     0.001960	     0.001633	     0.003920	     0.329087	     0.129838	     0.391311	     0.118569
2018	03	16	04	49	56	     0.081006	     0.004900	     0.002450	     0.005063	     0.318798	     0.070064	     0.389515	     0.128205
2018	03	16	06	25	53	     0.081006	     0.004900	     0.002450	     0.005063	     0.318798	     0.070064	     0.389515	     0.128205
2018	03	17	05	29	32	     0.077727	     0.015839	     0.002939	     0.004409	     0.276780	     0.069399	     0.421293	     0.131613
2018	03	18	04	33	31	     0.077727	     0.015839	     0.002939	     0.004409	     0.276780	     0.069399	     0.421293	     0.131613
2018	03	19	05	14	31	     0.008328	     0.047845	     0.011920	     0.016656	     0.226813	     0.082136	     0.475343	     0.130960
2018	03	20	05	12	41	     0.003919	     0.074788	     0.011757	     0.008491	     0.201339	     0.082136	     0.496571	     0.120999
2018	03	20	15	32	16	     0.003918	     0.075265	     0.012408	     0.034939	     0.163265	     0.095510	     0.489469	     0.125224
2018	03	21	04	58	08	     0.032816	     0.039673	     0.030041	     0.032816	     0.028408	     0.430041	     0.289143	     0.117061
2018	03	21	06	34	05	     0.032816	     0.039673	     0.030041	     0.032816	     0.028408	     0.430041	     0.289143	     0.117061
2018	03	21	16	13	22	     0.037067	     0.021228	     0.038374	     0.042293	     0.031189	     0.299804	     0.402841	     0.127204
2018	03	23	05	25	21	     0.019272	     0.025478	     0.051935	     0.025968	     0.027601	     0.302139	     0.425608	     0.121999
2018	03	24	05	22	45	     0.027093	     0.012241	     0.081932	     0.038192	     0.043741	     0.362004	     0.299984	     0.134813
2018	03	25	04	25	09	     0.027093	     0.012241	     0.081932	     0.038192	     0.043741	     0.362004	     0.299984	     0.134813
2018	03	26	05	06	19	     0.037394	     0.017799	     0.039843	     0.030536	     0.041476	     0.238896	     0.463096	     0.130960
2018	03	27	05	08	28	     0.034291	     0.025147	     0.021391	     0.050294	     0.018615	     0.244611	     0.479752	     0.125898
2018	03	28	04	49	56	     0.008818	     0.044252	     0.040986	     0.047191	     0.208361	     0.079686	     0.433377	     0.137329
2018	03	28	06	25	53	     0.008818	     0.044252	     0.040986	     0.047191	     0.208361	     0.079686	     0.433377	     0.137329
2018	03	29	05	29	32	     0.045885	     0.013227	     0.038863	     0.038374	     0.205421	     0.088504	     0.444317	     0.125408
2018	03	30	05	20	57	     0.008165	     0.025963	     0.022861	     0.032169	     0.141574	     0.072502	     0.560581	     0.136185
2018	03	31	05	14	31	     0.000163	     0.048163	     0.049633	     0.037224	     0.020571	     0.427429	     0.289796	     0.127020
2018	04	01	04	15	49	     0.000163	     0.004735	     0.082449	     0.048327	     0.037551	     0.413878	     0.286694	     0.126204
2018	04	02	04	58	08	     0.000163	     0.020898	     0.055347	     0.053551	     0.026612	     0.207020	     0.508735	     0.127673
2018	04	02	06	34	05	     0.000163	     0.020898	     0.055347	     0.053551	     0.026612	     0.207020	     0.508735	     0.127673
2018	04	02	16	13	22	     0.000163	     0.014696	     0.042293	     0.049151	     0.031515	     0.239059	     0.496408	     0.126715
2018	04	04	04	41	49	     0.000163	     0.007348	     0.043599	     0.046702	     0.032495	     0.230568	     0.492162	     0.146963
2018	04	05	05	22	46	     0.000163	     0.007347	     0.043429	     0.046857	     0.032327	     0.231020	     0.491918	     0.146939
2018	04	06	05	15	37	     0.000163	     0.005877	     0.008325	     0.073621	     0.034770	     0.048155	     0.701926	     0.127163
2018	04	07	05	06	20	     0.000000	     0.014694	     0.016490	     0.027918	     0.067265	     0.075429	     0.684082	     0.114122
2018	04	07	16	20	49	     0.000000	     0.014694	     0.016490	     0.027918	     0.067429	     0.072816	     0.683265	     0.117388
2018	04	09	04	49	57	     0.000000	     0.006858	     0.033965	     0.031679	     0.072175	     0.088994	     0.634063	     0.132266
2018	04	09	06	25	54	     0.000000	     0.006858	     0.033965	     0.031679	     0.072175	     0.088994	     0.634063	     0.132266
2018	04	10	04	58	59	     0.000000	     0.008816	     0.062204	     0.041306	     0.032327	     0.225469	     0.472163	     0.157714
2018	04	10	05	29	33	     0.000000	     0.008816	     0.062204	     0.041306	     0.032327	     0.225469	     0.472163	     0.157714
2018	04	11	04	33	32	     0.000000	     0.008816	     0.062204	     0.041306	     0.032327	     0.225469	     0.472163	     0.157714
2018	04	12	05	14	31	     0.000000	     0.008816	     0.062204	     0.041306	     0.032327	     0.225469	     0.472163	     0.157714
2018	04	13	05	11	27	     0.031184	     0.026122	     0.007837	     0.031347	     0.047020	     0.137143	     0.550041	     0.169306
2018	04	13	15	32	17	     0.030857	     0.026122	     0.003755	     0.024327	     0.075102	     0.079184	     0.597061	     0.163592
2018	04	14	04	58	09	     0.017469	     0.037061	     0.009469	     0.013061	     0.095347	     0.143673	     0.520163	     0.163755
2018	04	14	06	34	05	     0.017469	     0.037061	     0.009469	     0.013061	     0.095347	     0.143673	     0.520163	     0.163755
2018	04	14	16	13	22	     0.039353	     0.018289	     0.008328	     0.009961	     0.082462	     0.122796	     0.548008	     0.170803
2018	04	16	05	23	18	     0.013878	     0.043102	     0.008000	     0.013388	     0.089959	     0.118204	     0.534367	     0.179102
2018	04	16	15	57	18	     0.026114	     0.016648	     0.007181	     0.010609	     0.089603	     0.054186	     0.621185	     0.174474
2018	04	17	05	21	46	     0.020725	     0.004080	     0.004080	     0.021540	     0.085509	     0.085672	     0.594321	     0.184073
2018	04	17	05	22	46	     0.020725	     0.004080	     0.004080	     0.021540	     0.085509	     0.085672	     0.594321	     0.184073
2018	04	18	04	25	06	     0.020728	     0.004080	     0.004080	     0.021544	     0.085523	     0.085686	     0.594092	     0.184266
2018	04	19	05	06	20	     0.016327	     0.000980	     0.001143	     0.003429	     0.057143	     0.125551	     0.572571	     0.222857
2018	04	20	05	07	17	     0.000980	     0.000327	     0.006204	     0.012735	     0.024163	     0.131755	     0.692082	     0.131755
2018	04	21	04	49	57	     0.012408	     0.002286	     0.001143	     0.002612	     0.039673	     0.120816	     0.647184	     0.173878
2018	04	21	06	25	54	     0.012408	     0.002286	     0.001143	     0.002612	     0.039673	     0.120816	     0.647184	     0.173878
2018	04	22	05	29	33	     0.005880	     0.007351	     0.002123	     0.010454	     0.104541	     0.168409	     0.533649	     0.167592
2018	04	23	05	19	49	     0.000980	     0.000163	     0.001633	     0.011267	     0.072012	     0.084749	     0.691868	     0.137329
2018	04	24	04	50	35	     0.000163	     0.000000	     0.000327	     0.022857	     0.061714	     0.090612	     0.653061	     0.171265
2018	04	25	04	15	50	     0.000163	     0.000000	     0.000327	     0.022857	     0.061714	     0.090612	     0.653061	     0.171265
2018	04	25	15	32	17	     0.000163	     0.000000	     0.000326	     0.017790	     0.054350	     0.085850	     0.688591	     0.152930
2018	04	26	04	58	09	     0.000163	     0.000000	     0.004896	     0.011588	     0.018117	     0.148523	     0.676514	     0.140199
2018	04	26	06	34	06	     0.000163	     0.000000	     0.004896	     0.011588	     0.018117	     0.148523	     0.676514	     0.140199
2018	04	27	05	02	00	     0.000163	     0.000000	     0.002938	     0.005060	     0.023339	     0.121919	     0.748490	     0.098090
2018	04	28	04	41	49	     0.000163	     0.000000	     0.002448	     0.002775	     0.021544	     0.140689	     0.681900	     0.150481
2018	04	28	15	57	10	     0.000163	     0.000000	     0.003264	     0.004733	     0.019749	     0.129917	     0.695446	     0.146728
2018	04	29	05	22	41	     0.000163	     0.000000	     0.003264	     0.004733	     0.019749	     0.129917	     0.695446	     0.146728
2018	04	30	05	14	31	     0.000163	     0.000000	     0.004080	     0.000816	     0.054513	     0.073119	     0.682553	     0.184756
2018	05	01	05	06	21	     0.000163	     0.000000	     0.000490	     0.007019	     0.075743	     0.127163	     0.562194	     0.227228
2018	05	01	16	20	34	     0.000163	     0.000000	     0.000490	     0.007019	     0.079007	     0.122919	     0.562520	     0.227881
2018	05	03	04	49	58	     0.000163	     0.000000	     0.000490	     0.005550	     0.122103	     0.259223	     0.439275	     0.173196
2018	05	03	06	25	55	     0.000163	     0.000000	     0.000490	     0.005550	     0.122103	     0.259223	     0.439275	     0.173196
2018	05	04	05	29	33	     0.000163	     0.000000	     0.002938	     0.001959	     0.019589	     0.042279	     0.806236	     0.126836
2018	05	05	04	33	33	     0.000163	     0.000000	     0.002939	     0.002122	     0.019429	     0.042122	     0.806531	     0.126694
2018	05	06	05	14	32	     0.000163	     0.000000	     0.002450	     0.000817	     0.001797	     0.029729	     0.796798	     0.168246
2018	05	07	05	10	22	     0.000163	     0.000000	     0.000163	     0.001797	     0.087702	     0.385759	     0.365997	     0.158419
2018	05	07	15	32	18	     0.000163	     0.000163	     0.000000	     0.001470	     0.063041	     0.353095	     0.452393	     0.129675
2018	05	08	04	58	10	     0.000163	     0.000163	     0.000163	     0.006369	     0.210028	     0.378573	     0.255757	     0.148783
2018	05	08	06	34	07	     0.000163	     0.000163	     0.000163	     0.006369	     0.210028	     0.378573	     0.255757	     0.148783
2018	05	08	16	13	36	     0.000163	     0.000163	     0.000163	     0.006368	     0.266492	     0.357283	     0.218975	     0.150392
2018	05	10	04	41	50	     0.000163	     0.000163	     0.000163	     0.005552	     0.373449	     0.264370	     0.212280	     0.143860
2018	05	10	15	57	17	     0.000327	     0.000000	     0.018945	     0.073167	     0.484076	     0.221297	     0.065001	     0.137188
2018	05	11	05	22	47	     0.000327	     0.000163	     0.000327	     0.013551	     0.285388	     0.281796	     0.280327	     0.138122
2018	05	12	04	24	17	     0.000327	     0.000163	     0.000327	     0.013551	     0.285388	     0.281796	     0.280327	     0.138122
2018	05	12	15	40	26	     0.000163	     0.000163	     0.000980	     0.126551	     0.322012	     0.224853	     0.312378	     0.012900
2018	05	13	05	06	21	     0.000000	     0.000000	     0.007839	     0.173934	     0.281071	     0.190756	     0.333660	     0.012739
2018	05	14	05	06	12	     0.000000	     0.000163	     0.000980	     0.686102	     0.120856	     0.057488	     0.122326	     0.012086
2018	05	15	06	25	55	     0.000327	     0.000163	     0.153595	     0.625980	     0.078268	     0.092157	     0.048693	     0.000817
2018	05	17	04	33	33	     0.001156	     0.001156	     0.155600	     0.633300	     0.071027	     0.090684	     0.046250	     0.000826
2018	05	18	05	14	33	     0.001656	     0.001490	     0.060606	     0.510349	     0.348236	     0.037755	     0.039079	     0.000828
2018	05	19	04	15	51	     0.002002	     0.001502	     0.062729	     0.514014	     0.348682	     0.036370	     0.034201	     0.000501
2018	05	19	15	32	18	     0.002002	     0.001502	     0.045546	     0.509676	     0.191191	     0.218385	     0.031198	     0.000501
2018	05	20	06	34	07	     0.001838	     0.001838	     0.017377	     0.738012	     0.174102	     0.061821	     0.004511	     0.000501
