2017	12	07	04	24	17	     0.000000
2017	12	07	05	16	20	     0.000000
2017	12	08	05	06	21	     0.000000
2017	12	08	16	15	26	     0.000000
2017	12	08	16	20	50	     0.000000
2017	12	09	15	47	06	     0.000414
2017	12	10	04	49	58	     0.000414
2017	12	10	06	25	55	     0.000414
2017	12	11	05	29	34	     0.210687
2017	12	11	16	27	56	     0.210687
2017	12	12	04	33	33	     0.210687
2017	12	12	15	59	17	     0.210687
2017	12	13	05	14	33	     0.210687
2017	12	13	15	29	08	     0.210687
2017	12	14	05	10	30	     0.210687
2017	12	14	16	39	41	     0.210687
2017	12	15	04	58	10	     0.210687
2017	12	15	16	10	41	     0.210687
2017	12	15	16	13	24	     0.168426
2017	12	16	15	41	51	     0.168426
2017	12	17	05	24	55	     0.168426
2017	12	18	05	22	47	     0.174696
2017	12	19	04	24	17	     0.028301
2017	12	20	05	06	21	     0.028301
2017	12	21	05	06	21	     0.028301
2017	12	21	16	35	13	     0.028301
2017	12	22	04	49	58	     0.028301
2017	12	22	16	07	37	     0.028301
2017	12	23	05	29	33	     0.010773
2017	12	23	15	38	48	     0.010773
2017	12	24	05	18	53	     0.520170
2017	12	24	16	47	19	     0.520170
2017	12	25	05	14	32	     0.810246
2017	12	25	16	20	06	     1.571849
2017	12	26	04	15	50	     1.571849
2017	12	26	15	50	54	     1.571849
2017	12	27	04	58	09	     1.566359
2017	12	27	06	34	06	     1.566359
2017	12	28	05	04	39	     1.566359
2017	12	28	16	31	12	     1.566359
2017	12	29	04	34	11	     1.566359
2017	12	29	04	41	49	     1.566359
2017	12	30	05	22	47	     1.469847
2017	12	31	05	15	45	     1.469847
2017	12	31	16	43	35	     1.469847
2018	01	01	05	06	20	     1.410486
2018	01	01	16	15	44	     1.410486
2018	01	01	16	20	49	     1.410486
2018	01	02	15	46	48	     0.089437
2018	01	03	04	49	57	     0.089437
2018	01	03	06	25	54	     0.089437
2018	01	04	05	29	33	     0.000000
2018	01	05	04	33	32	     0.000000
2018	01	05	15	58	06	     0.000000
2018	01	06	05	14	32	     0.059361
2018	01	07	05	11	35	     0.335048
2018	01	07	16	39	21	     0.335048
2018	01	08	04	58	09	     2.037721
2018	01	08	16	10	39	     2.037721
2018	01	08	16	13	23	     2.683380
2018	01	09	15	42	43	     1.899483
2018	01	10	05	24	29	     1.899483
2018	01	11	05	22	46	     2.349621
2018	01	12	04	24	16	     2.349621
2018	01	12	15	55	04	     2.868416
2018	01	13	05	06	20	     2.267532
2018	01	14	05	08	46	     2.486027
2018	01	14	16	35	17	     2.486027
2018	01	15	04	49	57	     3.207639
2018	01	15	16	07	32	     3.207639
2018	01	16	05	29	32	     3.218652
2018	01	17	04	33	32	     3.171768
2018	01	18	05	14	31	     3.171768
2018	01	19	04	15	49	     2.298797
2018	01	19	15	50	49	     1.299166
2018	01	20	04	58	08	     0.707893
2018	01	20	06	34	05	     0.707893
2018	01	20	16	13	22	     0.707893
2018	01	22	04	41	48	     0.000000
2018	01	22	16	03	23	     0.040794
2018	01	23	05	22	46	     0.040794
2018	01	24	04	24	16	     0.040794
2018	01	25	05	06	19	    10.934178
2018	01	25	16	14	34	    10.934178
2018	01	25	16	20	48	    10.934178
2018	01	26	15	46	48	    10.438448
2018	01	27	04	49	57	    10.447581
2018	01	27	06	25	53	    10.447581
2018	01	28	05	29	32	     9.651574
2018	01	29	04	33	31	     9.651574
2018	01	29	15	59	20	     9.404754
2018	01	30	05	14	31	     9.268863
2018	01	30	05	14	31	     9.273879
2018	01	31	05	11	29	    17.828646
2018	01	31	15	32	16	    17.828646
2018	02	01	04	58	08	    18.802755
2018	02	01	16	10	57	    18.802755
2018	02	01	16	13	22	    20.043749
2018	02	02	15	42	52	    18.033798
2018	02	03	05	23	41	    15.529896
2018	02	04	05	22	45	    29.063588
2018	02	04	16	23	51	    28.993857
2018	02	05	04	25	48	    28.993857
2018	02	06	05	06	19	    26.257282
2018	02	07	05	08	28	    31.888509
2018	02	08	04	49	56	    30.395244
2018	02	08	16	07	30	    31.067915
2018	02	09	05	29	32	    31.067915
2018	02	09	15	38	40	    33.025427
2018	02	10	04	33	31	    33.025427
2018	02	11	05	14	31	    32.207496
2018	02	12	04	15	49	    30.754071
2018	02	12	15	50	48	    29.256503
2018	02	13	04	58	08	    28.270448
2018	02	13	06	34	05	    28.270448
2018	02	13	16	13	22	    25.699545
2018	02	15	04	41	48	    25.699545
2018	02	15	16	03	18	    30.079280
2018	02	16	05	22	45	    33.525586
2018	02	17	04	24	15	    33.525586
2018	02	18	05	06	19	    31.597997
2018	02	18	16	15	52	    35.402271
2018	02	18	16	20	48	    35.402271
2018	02	19	15	47	00	    32.731859
2018	02	20	04	49	56	    33.115626
2018	02	20	06	25	53	    33.115626
2018	02	20	16	05	25	    31.152647
2018	02	21	05	29	32	    31.617860
2018	02	22	04	33	31	    31.617860
2018	02	22	15	59	09	    38.604577
2018	02	23	05	14	30	    38.604577
2018	02	24	05	11	29	    38.559697
2018	02	24	05	12	36	    38.559697
2018	02	25	04	58	08	    37.842412
2018	02	25	16	11	42	    36.347692
2018	02	25	16	13	21	    36.479760
2018	02	27	05	24	43	    38.246594
2018	02	28	05	22	45	    26.114449
2018	03	01	04	25	04	    26.114449
2018	03	02	05	06	19	    27.431075
2018	03	03	05	08	26	    25.361567
2018	03	04	04	49	56	    26.878003
2018	03	04	16	06	50	    26.878003
2018	03	05	05	29	32	    25.234569
2018	03	05	15	38	35	    25.421300
2018	03	06	05	21	11	    25.918372
2018	03	07	05	14	30	    26.634913
2018	03	08	04	20	54	    25.496366
2018	03	08	15	50	48	    27.949250
2018	03	09	04	58	08	    29.391813
2018	03	09	06	34	05	    29.391813
2018	03	09	16	13	21	    29.383029
2018	03	11	04	41	48	    29.383029
2018	03	11	16	03	17	    28.859431
2018	03	12	05	22	45	    30.837439
2018	03	12	15	33	23	    30.837439
2018	03	13	04	24	15	    30.837439
2018	03	13	16	43	29	    30.837439
2018	03	14	05	06	19	    40.573204
2018	03	14	16	15	51	    40.236599
2018	03	15	04	16	44	    40.236599
2018	03	15	15	46	55	    31.398900
2018	03	16	04	49	56	    31.635058
2018	03	16	06	25	53	    31.635058
2018	03	17	05	29	32	    31.677165
2018	03	18	04	33	31	    31.677165
2018	03	19	05	14	31	    32.903866
2018	03	20	05	12	41	    28.165619
2018	03	20	15	32	16	    28.165619
2018	03	21	04	58	08	    35.020359
2018	03	21	06	34	05	    35.020359
2018	03	21	16	13	22	    37.167530
2018	03	23	05	25	21	    41.586186
2018	03	24	05	22	45	    38.596693
2018	03	25	04	25	09	    38.596693
2018	03	26	05	06	19	    37.359558
2018	03	27	05	08	28	    36.477048
2018	03	28	04	49	56	    34.040990
2018	03	28	06	25	53	    34.040990
2018	03	29	05	29	32	    35.677707
2018	03	30	05	20	57	    44.063851
2018	03	31	05	14	31	    34.768647
2018	04	01	04	15	49	    34.919879
2018	04	02	04	58	08	    36.574952
2018	04	02	06	34	05	    36.574952
2018	04	02	16	13	22	    40.085968
2018	04	04	04	41	49	    40.085968
2018	04	05	05	22	46	    40.085968
2018	04	06	05	15	37	    44.006631
2018	04	07	05	06	20	    41.448598
2018	04	07	16	20	49	    41.448598
2018	04	09	04	49	57	    45.322721
2018	04	09	06	25	54	    45.322721
2018	04	10	04	58	59	    39.168024
2018	04	10	05	29	33	    39.168024
2018	04	11	04	33	32	    39.168024
2018	04	12	05	14	31	    39.168024
2018	04	13	05	11	27	    41.043421
2018	04	13	15	32	17	    41.043421
2018	04	14	04	58	09	    41.868134
2018	04	14	06	34	05	    41.868134
2018	04	14	16	13	22	    41.770840
2018	04	16	05	23	18	    41.770840
2018	04	16	15	57	18	    44.956824
2018	04	17	05	21	46	    48.114645
2018	04	17	05	22	46	    48.114645
2018	04	18	04	25	06	    48.114645
2018	04	19	05	06	20	    45.314212
2018	04	20	05	07	17	    41.794089
2018	04	21	04	49	57	    44.040417
2018	04	21	06	25	54	    44.040417
2018	04	22	05	29	33	    43.364769
2018	04	23	05	19	49	    48.282980
2018	04	24	04	50	35	    45.231988
2018	04	25	04	15	50	    45.231988
2018	04	25	15	32	17	    45.231988
2018	04	26	04	58	09	    45.893908
2018	04	26	06	34	06	    45.893908
2018	04	27	05	02	00	    47.062140
2018	04	28	04	41	49	    47.062140
2018	04	28	15	57	10	    44.545792
2018	04	29	05	22	41	    44.545792
2018	04	30	05	14	31	    46.656290
2018	05	01	05	06	21	    45.351931
2018	05	01	16	20	34	    45.351931
2018	05	03	04	49	58	    49.361803
2018	05	03	06	25	55	    49.361803
2018	05	04	05	29	33	    44.674452
2018	05	05	04	33	33	    44.674452
2018	05	06	05	14	32	    42.100655
2018	05	07	05	10	22	    42.281381
2018	05	07	15	32	18	    42.281381
2018	05	08	04	58	10	    42.628057
2018	05	08	06	34	07	    42.628057
2018	05	08	16	13	36	    40.934315
2018	05	10	04	41	50	    40.934315
2018	05	10	15	57	17	    29.460650
2018	05	11	05	22	47	    37.757884
2018	05	12	04	24	17	    37.757884
2018	05	12	15	40	26	    37.645273
2018	05	13	05	06	21	    37.238242
2018	05	14	05	06	12	    17.416794
2018	05	15	06	25	55	    17.170141
2018	05	17	04	33	33	    17.170141
2018	05	18	05	14	33	    18.068987
2018	05	19	04	15	51	    18.068987
2018	05	19	15	32	18	    18.068987
2018	05	20	06	34	07	    15.426575
