2017	12	07	04	24	17	     0.462377
2017	12	07	05	16	20	     0.476025
2017	12	08	05	06	21	     0.756447
2017	12	08	16	15	26	     0.756447
2017	12	08	16	20	50	     0.756447
2017	12	09	15	47	06	     0.746940
2017	12	10	04	49	58	     0.767974
2017	12	10	06	25	55	     0.767974
2017	12	11	05	29	34	     0.905994
2017	12	11	16	27	56	     0.905994
2017	12	12	04	33	33	     0.905994
2017	12	12	15	59	17	     1.184536
2017	12	13	05	14	33	     1.218813
2017	12	13	15	29	08	     1.218813
2017	12	14	05	10	30	     1.446292
2017	12	14	16	39	41	     1.358241
2017	12	15	04	58	10	     1.282550
2017	12	15	16	10	41	     1.282550
2017	12	15	16	13	24	     1.233459
2017	12	16	15	41	51	     1.232252
2017	12	17	05	24	55	     1.206647
2017	12	18	05	22	47	     1.353543
2017	12	19	04	24	17	     1.238721
2017	12	20	05	06	21	     2.200272
2017	12	21	05	06	21	     2.487690
2017	12	21	16	35	13	     2.487690
2017	12	22	04	49	58	     2.437215
2017	12	22	16	07	37	     2.437215
2017	12	23	05	29	33	     2.363839
2017	12	23	15	38	48	     2.390455
2017	12	24	05	18	53	     2.890791
2017	12	24	16	47	19	     2.890791
2017	12	25	05	14	32	     3.155393
2017	12	25	16	20	06	     3.203541
2017	12	26	04	15	50	     3.185926
2017	12	26	15	50	54	     2.385027
2017	12	27	04	58	09	     3.043794
2017	12	27	06	34	06	     3.043794
2017	12	28	05	04	39	     2.823495
2017	12	28	16	31	12	     2.823495
2017	12	29	04	34	11	     2.807720
2017	12	29	04	41	49	     2.807720
2017	12	30	05	22	47	     3.116174
2017	12	31	05	15	45	     3.502971
2017	12	31	16	43	35	     3.502971
2018	01	01	05	06	20	     3.572646
2018	01	01	16	15	44	     3.557891
2018	01	01	16	20	49	     3.557891
2018	01	02	15	46	48	     3.470712
2018	01	03	04	49	57	     3.814235
2018	01	03	06	25	54	     3.814235
2018	01	04	05	29	33	     4.767394
2018	01	05	04	33	32	     4.493782
2018	01	05	15	58	06	     4.493782
2018	01	06	05	14	32	     4.148907
2018	01	07	05	11	35	     3.677140
2018	01	07	16	39	21	     3.909683
2018	01	08	04	58	09	     3.900190
2018	01	08	16	10	39	     3.900190
2018	01	08	16	13	23	     4.041698
2018	01	09	15	42	43	     4.069012
2018	01	10	05	24	29	     4.145242
2018	01	11	05	22	46	     4.317641
2018	01	12	04	24	16	     4.317641
2018	01	12	15	55	04	     4.915107
2018	01	13	05	06	20	     5.055302
2018	01	14	05	08	46	     5.319375
2018	01	14	16	35	17	     5.319375
2018	01	15	04	49	57	     4.940286
2018	01	15	16	07	32	     4.908684
2018	01	16	05	29	32	     4.898128
2018	01	17	04	33	32	     4.863005
2018	01	18	05	14	31	     5.459197
2018	01	19	04	15	49	     5.141687
2018	01	19	15	50	49	     5.129366
2018	01	20	04	58	08	     5.205603
2018	01	20	06	34	05	     5.205603
2018	01	20	16	13	22	     5.558147
2018	01	22	04	41	48	     6.013635
2018	01	22	16	03	23	     7.654397
2018	01	23	05	22	46	     7.643521
2018	01	24	04	24	16	     7.643521
2018	01	25	05	06	19	    14.078258
2018	01	25	16	14	34	    14.078258
2018	01	25	16	20	48	    14.070360
2018	01	26	15	46	48	    14.333837
2018	01	27	04	49	57	    14.160047
2018	01	27	06	25	53	    14.160047
2018	01	28	05	29	32	    13.534004
2018	01	29	04	33	31	    13.534004
2018	01	29	15	59	20	    12.039880
2018	01	30	05	14	31	    11.905126
2018	01	30	05	14	31	    12.296086
2018	01	31	05	11	29	    14.005204
2018	01	31	15	32	16	    14.067946
2018	02	01	04	58	08	    14.138412
2018	02	01	16	10	57	    14.154013
2018	02	01	16	13	22	    15.302428
2018	02	02	15	42	52	    14.498887
2018	02	03	05	23	41	    14.599146
2018	02	04	05	22	45	    17.240784
2018	02	04	16	23	51	    17.336819
2018	02	05	04	25	48	    17.336819
2018	02	06	05	06	19	    22.078066
2018	02	07	05	08	28	    23.644890
2018	02	08	04	49	56	    23.447246
2018	02	08	16	07	30	    25.190664
2018	02	09	05	29	32	    25.184733
2018	02	09	15	38	40	    24.436319
2018	02	10	04	33	31	    24.436319
2018	02	11	05	14	31	    22.952716
2018	02	12	04	15	49	    22.714205
2018	02	12	15	50	48	    22.295820
2018	02	13	04	58	08	    20.107872
2018	02	13	06	34	05	    20.107872
2018	02	13	16	13	22	    20.268525
2018	02	15	04	41	48	    20.744429
2018	02	15	16	03	18	    24.202024
2018	02	16	05	22	45	    24.859385
2018	02	17	04	24	15	    24.851087
2018	02	18	05	06	19	    24.177120
2018	02	18	16	15	52	    24.873394
2018	02	18	16	20	48	    24.885249
2018	02	19	15	47	00	    24.895107
2018	02	20	04	49	56	    24.905108
2018	02	20	06	25	53	    24.905108
2018	02	20	16	05	25	    25.338147
2018	02	21	05	29	32	    25.526635
2018	02	22	04	33	31	    25.526635
2018	02	22	15	59	09	    29.322332
2018	02	23	05	14	30	    29.367619
2018	02	24	05	11	29	    32.068340
2018	02	24	05	12	36	    32.068340
2018	02	25	04	58	08	    31.080571
2018	02	25	16	11	42	    32.075963
2018	02	25	16	13	21	    32.159862
2018	02	27	05	24	43	    33.155426
2018	02	28	05	22	45	    31.098159
2018	03	01	04	25	04	    31.125782
2018	03	02	05	06	19	    31.591497
2018	03	03	05	08	26	    31.185547
2018	03	04	04	49	56	    31.695806
2018	03	04	16	06	50	    31.804218
2018	03	05	05	29	32	    31.916814
2018	03	05	15	38	35	    32.879276
2018	03	06	05	21	11	    33.034660
2018	03	07	05	14	30	    32.688942
2018	03	08	04	20	54	    31.925138
2018	03	08	15	50	48	    32.076468
2018	03	09	04	58	08	    33.550268
2018	03	09	06	34	05	    33.550268
2018	03	09	16	13	21	    33.378265
2018	03	11	04	41	48	    33.696522
2018	03	11	16	03	17	    34.313891
2018	03	12	05	22	45	    34.697446
2018	03	12	15	33	23	    34.697446
2018	03	13	04	24	15	    34.700111
2018	03	13	16	43	29	    34.700111
2018	03	14	05	06	19	    38.880790
2018	03	14	16	15	51	    39.284078
2018	03	15	04	16	44	    39.345291
2018	03	15	15	46	55	    38.724744
2018	03	16	04	49	56	    35.670081
2018	03	16	06	25	53	    35.670081
2018	03	17	05	29	32	    37.147743
2018	03	18	04	33	31	    37.147743
2018	03	19	05	14	31	    38.666325
2018	03	20	05	12	41	    39.177742
2018	03	20	15	32	16	    38.900863
2018	03	21	04	58	08	    36.357737
2018	03	21	06	34	05	    36.357737
2018	03	21	16	13	22	    38.112507
2018	03	23	05	25	21	    39.026316
2018	03	24	05	22	45	    37.226318
2018	03	25	04	25	09	    37.226318
2018	03	26	05	06	19	    38.221664
2018	03	27	05	08	28	    39.568962
2018	03	28	04	49	56	    36.356043
2018	03	28	06	25	53	    36.356043
2018	03	29	05	29	32	    36.760176
2018	03	30	05	20	57	    40.796807
2018	03	31	05	14	31	    37.674590
2018	04	01	04	15	49	    38.175990
2018	04	02	04	58	08	    40.049406
2018	04	02	06	34	05	    40.049406
2018	04	02	16	13	22	    40.613426
2018	04	04	04	41	49	    41.330419
2018	04	05	05	22	46	    41.331896
2018	04	06	05	15	37	    44.481784
2018	04	07	05	06	20	    44.425040
2018	04	07	16	20	49	    44.459014
2018	04	09	04	49	57	    42.562399
2018	04	09	06	25	54	    42.562399
2018	04	10	04	58	59	    42.169070
2018	04	10	05	29	33	    42.169070
2018	04	11	04	33	32	    42.169070
2018	04	12	05	14	31	    42.169070
2018	04	13	05	11	27	    42.153293
2018	04	13	15	32	17	    42.299204
2018	04	14	04	58	09	    42.392656
2018	04	14	06	34	05	    42.392656
2018	04	14	16	13	22	    43.044704
2018	04	16	05	23	18	    43.276907
2018	04	16	15	57	18	    43.472429
2018	04	17	05	21	46	    45.586637
2018	04	17	05	22	46	    45.586637
2018	04	18	04	25	06	    45.580390
2018	04	19	05	06	20	    47.893329
2018	04	20	05	07	17	    44.856728
2018	04	21	04	49	57	    44.752657
2018	04	21	06	25	54	    44.752657
2018	04	22	05	29	33	    42.786891
2018	04	23	05	19	49	    45.784688
2018	04	24	04	50	35	    45.705994
2018	04	25	04	15	50	    45.705994
2018	04	25	15	32	17	    46.123908
2018	04	26	04	58	09	    46.587480
2018	04	26	06	34	06	    46.587480
2018	04	27	05	02	00	    47.056514
2018	04	28	04	41	49	    48.145952
2018	04	28	15	57	10	    46.763014
2018	04	29	05	22	41	    46.763014
2018	04	30	05	14	31	    47.452984
2018	05	01	05	06	21	    47.885162
2018	05	01	16	20	34	    47.868118
2018	05	03	04	49	58	    43.843556
2018	05	03	06	25	55	    43.843556
2018	05	04	05	29	33	    46.512537
2018	05	05	04	33	33	    46.501021
2018	05	06	05	14	32	    47.529152
2018	05	07	05	10	22	    43.318392
2018	05	07	15	32	18	    43.357543
2018	05	08	04	58	10	    40.112250
2018	05	08	06	34	07	    40.112250
2018	05	08	16	13	36	    39.577616
2018	05	10	04	41	50	    38.273602
2018	05	10	15	57	17	    32.309518
2018	05	11	05	22	47	    39.789032
2018	05	12	04	24	17	    39.789032
2018	05	12	15	40	26	    32.982321
2018	05	13	05	06	21	    32.648341
2018	05	14	05	06	12	    22.881141
2018	05	15	06	25	55	    19.665819
2018	05	17	04	33	33	    19.241574
2018	05	18	05	14	33	    21.891337
2018	05	19	04	15	51	    21.541981
2018	05	19	15	32	18	    22.924526
2018	05	20	06	34	07	    17.519416
