2017	12	07	04	24	17	     0.000000
2017	12	07	05	16	20	     0.000000
2017	12	08	05	06	21	     0.000000
2017	12	08	16	15	26	     0.000000
2017	12	08	16	20	50	     0.000000
2017	12	09	15	47	06	     0.000000
2017	12	10	04	49	58	     0.000000
2017	12	10	06	25	55	     0.000000
2017	12	11	05	29	34	     0.000000
2017	12	11	16	27	56	     0.000000
2017	12	12	04	33	33	     0.000000
2017	12	12	15	59	17	     0.000000
2017	12	13	05	14	33	     0.000000
2017	12	13	15	29	08	     0.000000
2017	12	14	05	10	30	     0.000000
2017	12	14	16	39	41	     0.000000
2017	12	15	04	58	10	     0.000000
2017	12	15	16	10	41	     0.000000
2017	12	15	16	13	24	     0.000000
2017	12	16	15	41	51	     0.000000
2017	12	17	05	24	55	     0.000000
2017	12	18	05	22	47	     0.000000
2017	12	19	04	24	17	     0.000000
2017	12	20	05	06	21	     0.000000
2017	12	21	05	06	21	     0.000000
2017	12	21	16	35	13	     0.000000
2017	12	22	04	49	58	     0.000000
2017	12	22	16	07	37	     0.000000
2017	12	23	05	29	33	     0.000000
2017	12	23	15	38	48	     0.000000
2017	12	24	05	18	53	     0.000000
2017	12	24	16	47	19	     0.000000
2017	12	25	05	14	32	     0.000000
2017	12	25	16	20	06	     0.000000
2017	12	26	04	15	50	     0.000000
2017	12	26	15	50	54	     0.000000
2017	12	27	04	58	09	     0.000000
2017	12	27	06	34	06	     0.000000
2017	12	28	05	04	39	     0.000000
2017	12	28	16	31	12	     0.000000
2017	12	29	04	34	11	     0.000000
2017	12	29	04	41	49	     0.000000
2017	12	30	05	22	47	     0.000000
2017	12	31	05	15	45	     0.000000
2017	12	31	16	43	35	     0.000000
2018	01	01	05	06	20	     0.000000
2018	01	01	16	15	44	     0.000000
2018	01	01	16	20	49	     0.000000
2018	01	02	15	46	48	     0.000000
2018	01	03	04	49	57	     0.000000
2018	01	03	06	25	54	     0.000000
2018	01	04	05	29	33	     0.000000
2018	01	05	04	33	32	     0.000000
2018	01	05	15	58	06	     0.000000
2018	01	06	05	14	32	     0.000000
2018	01	07	05	11	35	     0.000000
2018	01	07	16	39	21	     0.000000
2018	01	08	04	58	09	     0.000000
2018	01	08	16	10	39	     0.000000
2018	01	08	16	13	23	     0.000000
2018	01	09	15	42	43	     0.000000
2018	01	10	05	24	29	     0.000000
2018	01	11	05	22	46	     0.000000
2018	01	12	04	24	16	     0.000000
2018	01	12	15	55	04	     0.000000
2018	01	13	05	06	20	     0.000000
2018	01	14	05	08	46	     0.000000
2018	01	14	16	35	17	     0.000000
2018	01	15	04	49	57	     0.000000
2018	01	15	16	07	32	     0.000000
2018	01	16	05	29	32	     0.000000
2018	01	17	04	33	32	     0.000000
2018	01	18	05	14	31	     1.000433
2018	01	19	04	15	49	     1.009504
2018	01	19	15	50	49	     1.378467
2018	01	20	04	58	08	     1.966798
2018	01	20	06	34	05	     1.966798
2018	01	20	16	13	22	     2.379609
2018	01	22	04	41	48	     2.379609
2018	01	22	16	03	23	     2.790922
2018	01	23	05	22	46	     2.790922
2018	01	24	04	24	16	     2.790922
2018	01	25	05	06	19	     4.700176
2018	01	25	16	14	34	     4.700176
2018	01	25	16	20	48	     4.695764
2018	01	26	15	46	48	     4.695764
2018	01	27	04	49	57	     4.196312
2018	01	27	06	25	53	     4.196312
2018	01	28	05	29	32	     2.198254
2018	01	29	04	33	31	     2.198254
2018	01	29	15	59	20	     2.421432
2018	01	30	05	14	31	     2.041251
2018	01	30	05	14	31	     2.164909
2018	01	31	05	11	29	     4.165844
2018	01	31	15	32	16	     4.165844
2018	02	01	04	58	08	     4.036813
2018	02	01	16	10	57	     4.083871
2018	02	01	16	13	22	     6.168454
2018	02	02	15	42	52	     6.168454
2018	02	03	05	23	41	     8.137245
2018	02	04	05	22	45	     7.395987
2018	02	04	16	23	51	     7.692697
2018	02	05	04	25	48	     7.692697
2018	02	06	05	06	19	    18.635403
2018	02	07	05	08	28	    20.954906
2018	02	08	04	49	56	    20.954906
2018	02	08	16	07	30	    17.895194
2018	02	09	05	29	32	    17.519600
2018	02	09	15	38	40	    17.519600
2018	02	10	04	33	31	    17.519600
2018	02	11	05	14	31	    17.268860
2018	02	12	04	15	49	    16.413220
2018	02	12	15	50	48	    16.688944
2018	02	13	04	58	08	    11.134023
2018	02	13	06	34	05	    11.119281
2018	02	13	16	13	22	    10.408712
2018	02	15	04	41	48	     9.794083
2018	02	15	16	03	18	    12.213001
2018	02	16	05	22	45	     8.842115
2018	02	17	04	24	15	     8.842115
2018	02	18	05	06	19	     6.038441
2018	02	18	16	15	52	     4.352802
2018	02	18	16	20	48	     4.970572
2018	02	19	15	47	00	     5.002289
2018	02	20	04	49	56	     5.002289
2018	02	20	06	25	53	     5.002289
2018	02	20	16	05	25	     7.848085
2018	02	21	05	29	32	     8.438633
2018	02	22	04	33	31	     8.438633
2018	02	22	15	59	09	    15.363225
2018	02	23	05	14	30	    15.363225
2018	02	24	05	11	29	    12.682902
2018	02	24	05	12	36	    12.682902
2018	02	25	04	58	08	    12.607260
2018	02	25	16	11	42	    12.358065
2018	02	25	16	13	21	    10.379309
2018	02	27	05	24	43	    12.832621
2018	02	28	05	22	45	    10.924807
2018	03	01	04	25	04	    11.882408
2018	03	02	05	06	19	    12.447905
2018	03	03	05	08	26	    16.833947
2018	03	04	04	49	56	    16.833947
2018	03	04	16	06	50	    17.225522
2018	03	05	05	29	32	    17.225522
2018	03	05	15	38	35	    17.225522
2018	03	06	05	21	11	    15.898708
2018	03	07	05	14	30	    16.754897
2018	03	08	04	20	54	    14.964988
2018	03	08	15	50	48	    15.530381
2018	03	09	04	58	08	    13.778275
2018	03	09	06	34	05	    13.778275
2018	03	09	16	13	21	    14.906487
2018	03	11	04	41	48	    14.906487
2018	03	11	16	03	17	    20.530122
2018	03	12	05	22	45	    16.551945
2018	03	12	15	33	23	    16.551945
2018	03	13	04	24	15	    16.551945
2018	03	13	16	43	29	    16.551945
2018	03	14	05	06	19	    19.010530
2018	03	14	16	15	51	    20.392086
2018	03	15	04	16	44	    21.161921
2018	03	15	15	46	55	    21.195423
2018	03	16	04	49	56	    21.195423
2018	03	16	06	25	53	    21.195423
2018	03	17	05	29	32	    10.285039
2018	03	18	04	33	31	    10.285039
2018	03	19	05	14	31	    12.099753
2018	03	20	05	12	41	    16.065554
2018	03	20	15	32	16	    16.065554
2018	03	21	04	58	08	    23.563949
2018	03	21	06	34	05	    23.563949
2018	03	21	16	13	22	    18.715352
2018	03	23	05	25	21	    16.023984
2018	03	24	05	22	45	    17.831038
2018	03	25	04	25	09	    17.831038
2018	03	26	05	06	19	    23.228140
2018	03	27	05	08	28	    22.486097
2018	03	28	04	49	56	    22.486097
2018	03	28	06	25	53	    22.486097
2018	03	29	05	29	32	    21.699198
2018	03	30	05	20	57	    16.703251
2018	03	31	05	14	31	    16.054449
2018	04	01	04	15	49	    17.263059
2018	04	02	04	58	08	    19.567904
2018	04	02	06	34	05	    19.567904
2018	04	02	16	13	22	    20.973023
2018	04	04	04	41	49	    20.973023
2018	04	05	05	22	46	    20.973023
2018	04	06	05	15	37	    28.236065
2018	04	07	05	06	20	    29.269707
2018	04	07	16	20	49	    27.256775
2018	04	09	04	49	57	    27.256775
2018	04	09	06	25	54	    27.256775
2018	04	10	04	58	59	    24.835580
2018	04	10	05	29	33	    24.835580
2018	04	11	04	33	32	    24.835580
2018	04	12	05	14	31	    24.835580
2018	04	13	05	11	27	    31.225113
2018	04	13	15	32	17	    31.225113
2018	04	14	04	58	09	    27.351922
2018	04	14	06	34	05	    27.351922
2018	04	14	16	13	22	    25.626583
2018	04	16	05	23	18	    20.750130
2018	04	16	15	57	18	    20.750130
2018	04	17	05	21	46	    21.651416
2018	04	17	05	22	46	    21.651416
2018	04	18	04	25	06	    21.651416
2018	04	19	05	06	20	    14.753920
2018	04	20	05	07	17	    12.948604
2018	04	21	04	49	57	    12.948604
2018	04	21	06	25	54	    12.948604
2018	04	22	05	29	33	     9.715315
2018	04	23	05	19	49	    11.456972
2018	04	24	04	50	35	    15.949142
2018	04	25	04	15	50	    15.949142
2018	04	25	15	32	17	    15.949142
2018	04	26	04	58	09	    15.977599
2018	04	26	06	34	06	    15.977599
2018	04	27	05	02	00	    18.589360
2018	04	28	04	41	49	    18.304880
2018	04	28	15	57	10	    18.304880
2018	04	29	05	22	41	    18.304880
2018	04	30	05	14	31	    18.062438
2018	05	01	05	06	21	    18.075577
2018	05	01	16	20	34	    19.121768
2018	05	03	04	49	58	    12.572618
2018	05	03	06	25	55	    12.572618
2018	05	04	05	29	33	    12.959769
2018	05	05	04	33	33	     9.767395
2018	05	06	05	14	32	     9.767395
2018	05	07	05	10	22	    27.943821
2018	05	07	15	32	18	    27.943821
2018	05	08	04	58	10	    27.571006
2018	05	08	06	34	07	    27.571006
2018	05	08	16	13	36	    27.092034
2018	05	10	04	41	50	    27.092034
2018	05	10	15	57	17	    27.068151
2018	05	11	05	22	47	    27.555088
2018	05	12	04	24	17	    27.555088
2018	05	12	15	40	26	    27.555088
2018	05	13	05	06	21	    27.687385
2018	05	14	05	06	12	    26.806516
2018	05	15	06	25	55	     1.110731
2018	05	17	04	33	33	     1.110731
2018	05	18	05	14	33	     0.909952
2018	05	19	04	15	51	     0.909952
2018	05	19	15	32	18	     0.909952
2018	05	20	06	34	07	     0.909952
