2017	12	07	04	24	17	     0.141498	     0.832342	     0.017836	     0.008323	     0.000000	     0.000000	     0.000000	     0.000000
2017	12	07	05	16	20	     0.123687	     0.844807	     0.009335	     0.022170	     0.000000	     0.000000	     0.000000	     0.000000
2017	12	08	05	06	21	     0.134180	     0.707162	     0.130553	     0.028105	     0.000000	     0.000000	     0.000000	     0.000000
2017	12	08	16	15	26	     0.134180	     0.707162	     0.130553	     0.028105	     0.000000	     0.000000	     0.000000	     0.000000
2017	12	08	16	20	50	     0.134180	     0.707162	     0.130553	     0.028105	     0.000000	     0.000000	     0.000000	     0.000000
2017	12	09	15	47	06	     0.104131	     0.801205	     0.083477	     0.011188	     0.000000	     0.000000	     0.000000	     0.000000
2017	12	10	04	49	58	     0.078700	     0.786997	     0.124038	     0.010265	     0.000000	     0.000000	     0.000000	     0.000000
2017	12	10	06	25	55	     0.078700	     0.786997	     0.124038	     0.010265	     0.000000	     0.000000	     0.000000	     0.000000
2017	12	11	05	29	34	     0.075808	     0.823995	     0.096902	     0.003296	     0.000000	     0.000000	     0.000000	     0.000000
2017	12	11	16	27	56	     0.075808	     0.823995	     0.096902	     0.003296	     0.000000	     0.000000	     0.000000	     0.000000
2017	12	12	04	33	33	     0.075808	     0.823995	     0.096902	     0.003296	     0.000000	     0.000000	     0.000000	     0.000000
2017	12	12	15	59	17	     0.084912	     0.736773	     0.080993	     0.097322	     0.000000	     0.000000	     0.000000	     0.000000
2017	12	13	05	14	33	     0.085831	     0.682561	     0.111035	     0.120572	     0.000000	     0.000000	     0.000000	     0.000000
2017	12	13	15	29	08	     0.085831	     0.682561	     0.111035	     0.120572	     0.000000	     0.000000	     0.000000	     0.000000
2017	12	14	05	10	30	     0.077333	     0.480000	     0.364667	     0.078000	     0.000000	     0.000000	     0.000000	     0.000000
2017	12	14	16	39	41	     0.082550	     0.547651	     0.285235	     0.084564	     0.000000	     0.000000	     0.000000	     0.000000
2017	12	15	04	58	10	     0.119572	     0.579158	     0.195725	     0.105544	     0.000000	     0.000000	     0.000000	     0.000000
2017	12	15	16	10	41	     0.119572	     0.579158	     0.195725	     0.105544	     0.000000	     0.000000	     0.000000	     0.000000
2017	12	15	16	13	24	     0.092319	     0.603946	     0.207188	     0.096547	     0.000000	     0.000000	     0.000000	     0.000000
2017	12	16	15	41	51	     0.091743	     0.604093	     0.207481	     0.096683	     0.000000	     0.000000	     0.000000	     0.000000
2017	12	17	05	24	55	     0.223490	     0.491275	     0.195973	     0.089262	     0.000000	     0.000000	     0.000000	     0.000000
2017	12	18	05	22	47	     0.119632	     0.606748	     0.241104	     0.032515	     0.000000	     0.000000	     0.000000	     0.000000
2017	12	19	04	24	17	     0.124730	     0.553713	     0.283345	     0.038212	     0.000000	     0.000000	     0.000000	     0.000000
2017	12	20	05	06	21	     0.142566	     0.312288	     0.292600	     0.116768	     0.135777	     0.000000	     0.000000	     0.000000
2017	12	21	05	06	21	     0.135298	     0.269257	     0.280643	     0.180844	     0.133958	     0.000000	     0.000000	     0.000000
2017	12	21	16	35	13	     0.135298	     0.269257	     0.280643	     0.180844	     0.133958	     0.000000	     0.000000	     0.000000
2017	12	22	04	49	58	     0.109250	     0.243263	     0.305171	     0.196650	     0.145666	     0.000000	     0.000000	     0.000000
2017	12	22	16	07	37	     0.109250	     0.243263	     0.305171	     0.196650	     0.145666	     0.000000	     0.000000	     0.000000
2017	12	23	05	29	33	     0.105655	     0.172619	     0.414434	     0.182292	     0.125000	     0.000000	     0.000000	     0.000000
2017	12	23	15	38	48	     0.106825	     0.224036	     0.272255	     0.269288	     0.127596	     0.000000	     0.000000	     0.000000
2017	12	24	05	18	53	     0.097790	     0.158071	     0.175486	     0.436705	     0.131949	     0.000000	     0.000000	     0.000000
2017	12	24	16	47	19	     0.097790	     0.158071	     0.175486	     0.436705	     0.131949	     0.000000	     0.000000	     0.000000
2017	12	25	05	14	32	     0.070195	     0.134262	     0.555432	     0.145404	     0.094708	     0.000000	     0.000000	     0.000000
2017	12	25	16	20	06	     0.071468	     0.134752	     0.571740	     0.134206	     0.087834	     0.000000	     0.000000	     0.000000
2017	12	26	04	15	50	     0.063373	     0.155209	     0.562836	     0.132116	     0.086466	     0.000000	     0.000000	     0.000000
2017	12	26	15	50	54	     0.111111	     0.533705	     0.176197	     0.112506	     0.066481	     0.000000	     0.000000	     0.000000
2017	12	27	04	58	09	     0.103765	     0.253903	     0.465106	     0.103306	     0.073921	     0.000000	     0.000000	     0.000000
2017	12	27	06	34	06	     0.103765	     0.253903	     0.465106	     0.103306	     0.073921	     0.000000	     0.000000	     0.000000
2017	12	28	05	04	39	     0.098273	     0.493010	     0.238487	     0.107319	     0.062911	     0.000000	     0.000000	     0.000000
2017	12	28	16	31	12	     0.098273	     0.493010	     0.238487	     0.107319	     0.062911	     0.000000	     0.000000	     0.000000
2017	12	29	04	34	11	     0.098539	     0.489770	     0.239248	     0.108559	     0.063883	     0.000000	     0.000000	     0.000000
2017	12	29	04	41	49	     0.098956	     0.489353	     0.239248	     0.108559	     0.063883	     0.000000	     0.000000	     0.000000
2017	12	30	05	22	47	     0.122106	     0.492905	     0.197909	     0.113891	     0.073189	     0.000000	     0.000000	     0.000000
2017	12	31	05	15	45	     0.141612	     0.480755	     0.164125	     0.103123	     0.110385	     0.000000	     0.000000	     0.000000
2017	12	31	16	43	35	     0.141612	     0.480755	     0.164125	     0.103123	     0.110385	     0.000000	     0.000000	     0.000000
2018	01	01	05	06	20	     0.155950	     0.409236	     0.230195	     0.117584	     0.087034	     0.000000	     0.000000	     0.000000
2018	01	01	16	15	44	     0.164843	     0.402047	     0.233322	     0.116484	     0.083304	     0.000000	     0.000000	     0.000000
2018	01	01	16	20	49	     0.163489	     0.402895	     0.233757	     0.116525	     0.083333	     0.000000	     0.000000	     0.000000
2018	01	02	15	46	48	     0.165826	     0.399063	     0.229993	     0.120043	     0.085076	     0.000000	     0.000000	     0.000000
2018	01	03	04	49	57	     0.142545	     0.348159	     0.267226	     0.140722	     0.101349	     0.000000	     0.000000	     0.000000
2018	01	03	06	25	54	     0.142545	     0.348159	     0.267226	     0.140722	     0.101349	     0.000000	     0.000000	     0.000000
2018	01	04	05	29	33	     0.122186	     0.278939	     0.269293	     0.185691	     0.016881	     0.127010	     0.000000	     0.000000
2018	01	05	04	33	32	     0.130376	     0.251245	     0.247623	     0.208692	     0.019013	     0.143051	     0.000000	     0.000000
2018	01	05	15	58	06	     0.129923	     0.251698	     0.247623	     0.208692	     0.019013	     0.143051	     0.000000	     0.000000
2018	01	06	05	14	32	     0.190722	     0.341495	     0.120704	     0.182990	     0.018471	     0.145619	     0.000000	     0.000000
2018	01	07	05	11	35	     0.115712	     0.541022	     0.105263	     0.122291	     0.017415	     0.098297	     0.000000	     0.000000
2018	01	07	16	39	21	     0.114504	     0.514504	     0.101908	     0.150763	     0.014885	     0.103435	     0.000000	     0.000000
2018	01	08	04	58	09	     0.164113	     0.468505	     0.140279	     0.128703	     0.012598	     0.085802	     0.000000	     0.000000
2018	01	08	16	10	39	     0.162236	     0.470007	     0.140423	     0.128834	     0.012611	     0.085890	     0.000000	     0.000000
2018	01	08	16	13	23	     0.177850	     0.429967	     0.163518	     0.132573	     0.012704	     0.083388	     0.000000	     0.000000
2018	01	09	15	42	43	     0.137236	     0.558861	     0.087332	     0.115483	     0.015035	     0.086052	     0.000000	     0.000000
2018	01	10	05	24	29	     0.129866	     0.512594	     0.161596	     0.091920	     0.015047	     0.088976	     0.000000	     0.000000
2018	01	11	05	22	46	     0.183815	     0.457225	     0.169075	     0.108960	     0.008092	     0.072832	     0.000000	     0.000000
2018	01	12	04	24	16	     0.197468	     0.453727	     0.163994	     0.106048	     0.007876	     0.070886	     0.000000	     0.000000
2018	01	12	15	55	04	     0.221324	     0.294317	     0.287278	     0.116267	     0.007821	     0.072993	     0.000000	     0.000000
2018	01	13	05	06	20	     0.226814	     0.412542	     0.140077	     0.144642	     0.007689	     0.068236	     0.000000	     0.000000
2018	01	14	05	08	46	     0.276217	     0.375468	     0.098549	     0.168773	     0.009831	     0.071161	     0.000000	     0.000000
2018	01	14	16	35	17	     0.276217	     0.375468	     0.098549	     0.168773	     0.009831	     0.071161	     0.000000	     0.000000
2018	01	15	04	49	57	     0.250920	     0.397424	     0.127415	     0.160764	     0.007360	     0.056118	     0.000000	     0.000000
2018	01	15	16	07	32	     0.255729	     0.390467	     0.143217	     0.142301	     0.006645	     0.061641	     0.000000	     0.000000
2018	01	16	05	29	32	     0.246742	     0.412584	     0.133034	     0.140449	     0.006517	     0.060674	     0.000000	     0.000000
2018	01	17	04	33	32	     0.256854	     0.390562	     0.144944	     0.140449	     0.006517	     0.060674	     0.000000	     0.000000
2018	01	18	05	14	31	     0.163064	     0.475214	     0.193999	     0.099329	     0.019754	     0.048640	     0.000000	     0.000000
2018	01	19	04	15	49	     0.150535	     0.482150	     0.187624	     0.113249	     0.024593	     0.041848	     0.000000	     0.000000
2018	01	19	15	50	49	     0.230879	     0.529178	     0.095564	     0.087772	     0.016855	     0.039752	     0.000000	     0.000000
2018	01	20	04	58	08	     0.401983	     0.366474	     0.092321	     0.080781	     0.009469	     0.048972	     0.000000	     0.000000
2018	01	20	06	34	05	     0.400623	     0.367250	     0.092554	     0.080985	     0.009493	     0.049095	     0.000000	     0.000000
2018	01	20	16	13	22	     0.334798	     0.375034	     0.137188	     0.098462	     0.008789	     0.045729	     0.000000	     0.000000
2018	01	22	04	41	48	     0.258590	     0.387010	     0.202399	     0.073171	     0.036653	     0.042178	     0.000000	     0.000000
2018	01	22	16	03	23	     0.172506	     0.399564	     0.270942	     0.075524	     0.043763	     0.037702	     0.000000	     0.000000
2018	01	23	05	22	46	     0.170111	     0.398312	     0.273205	     0.076189	     0.044026	     0.038156	     0.000000	     0.000000
2018	01	24	04	24	16	     0.170275	     0.398165	     0.273150	     0.076208	     0.044037	     0.038165	     0.000000	     0.000000
2018	01	25	05	06	19	     0.075647	     0.141699	     0.526272	     0.163592	     0.066331	     0.026458	     0.000000	     0.000000
2018	01	25	16	14	34	     0.075914	     0.141595	     0.530003	     0.159829	     0.066239	     0.026421	     0.000000	     0.000000
2018	01	25	16	20	48	     0.072868	     0.145736	     0.527337	     0.160851	     0.066710	     0.026497	     0.000000	     0.000000
2018	01	26	15	46	48	     0.070707	     0.149925	     0.489899	     0.188085	     0.057987	     0.043397	     0.000000	     0.000000
2018	01	27	04	49	57	     0.072689	     0.137938	     0.500525	     0.187446	     0.048078	     0.053324	     0.000000	     0.000000
2018	01	27	06	25	53	     0.071634	     0.134050	     0.503553	     0.188688	     0.048396	     0.053678	     0.000000	     0.000000
2018	01	28	05	29	32	     0.111654	     0.196591	     0.401896	     0.188547	     0.028440	     0.072872	     0.000000	     0.000000
2018	01	29	04	33	31	     0.111462	     0.196878	     0.398353	     0.191995	     0.028440	     0.072872	     0.000000	     0.000000
2018	01	29	15	59	20	     0.080807	     0.280056	     0.423369	     0.137963	     0.051713	     0.026091	     0.000000	     0.000000
2018	01	30	05	14	31	     0.069046	     0.290911	     0.423542	     0.136240	     0.053052	     0.027209	     0.000000	     0.000000
2018	01	30	05	14	31	     0.067806	     0.294929	     0.429279	     0.114921	     0.052943	     0.040120	     0.000000	     0.000000
2018	01	31	05	11	29	     0.096174	     0.294016	     0.348848	     0.107546	     0.071312	     0.046063	     0.036041	     0.000000
2018	01	31	15	32	16	     0.091944	     0.293681	     0.338061	     0.120405	     0.073420	     0.043415	     0.039074	     0.000000
2018	02	01	04	58	08	     0.112158	     0.299087	     0.301682	     0.114945	     0.100144	     0.036905	     0.035079	     0.000000
2018	02	01	16	10	57	     0.114631	     0.292915	     0.298579	     0.121160	     0.100806	     0.036866	     0.035042	     0.000000
2018	02	01	16	13	22	     0.094923	     0.235051	     0.293598	     0.200115	     0.098474	     0.046933	     0.030905	     0.000000
2018	02	02	15	42	52	     0.085732	     0.295230	     0.158474	     0.286085	     0.088538	     0.055180	     0.030760	     0.000000
2018	02	03	05	23	41	     0.120376	     0.240966	     0.166774	     0.285546	     0.096643	     0.029292	     0.060402	     0.000000
2018	02	04	05	22	45	     0.061110	     0.258751	     0.316283	     0.156933	     0.094953	     0.089538	     0.022433	     0.000000
2018	02	04	16	23	51	     0.057445	     0.252546	     0.344669	     0.141595	     0.091066	     0.090394	     0.022286	     0.000000
2018	02	05	04	25	48	     0.044349	     0.328306	     0.309723	     0.125864	     0.086453	     0.084478	     0.020828	     0.000000
2018	02	06	05	06	19	     0.038709	     0.244528	     0.285383	     0.098704	     0.212943	     0.052099	     0.067634	     0.000000
2018	02	07	05	08	28	     0.045782	     0.260038	     0.228827	     0.098518	     0.249938	     0.050915	     0.065899	     0.000083
2018	02	08	04	49	56	     0.138709	     0.239278	     0.151942	     0.094886	     0.260372	     0.050751	     0.063984	     0.000078
2018	02	08	16	07	30	     0.103681	     0.294078	     0.118828	     0.114889	     0.251287	     0.061497	     0.055741	     0.000000
2018	02	09	05	29	32	     0.104103	     0.303999	     0.118350	     0.112859	     0.245826	     0.060399	     0.054463	     0.000000
2018	02	09	15	38	40	     0.098822	     0.224091	     0.156604	     0.258315	     0.147863	     0.054671	     0.059634	     0.000000
2018	02	10	04	33	31	     0.154796	     0.181971	     0.146687	     0.257579	     0.146249	     0.053912	     0.058806	     0.000000
2018	02	11	05	14	31	     0.184156	     0.186304	     0.087053	     0.368242	     0.072567	     0.049695	     0.051844	     0.000139
2018	02	12	04	15	49	     0.177623	     0.200070	     0.104008	     0.353224	     0.058139	     0.052980	     0.053189	     0.000767
2018	02	12	15	50	48	     0.206337	     0.184025	     0.070364	     0.319787	     0.127579	     0.036441	     0.046164	     0.009303
2018	02	13	04	58	08	     0.209459	     0.230791	     0.125605	     0.231352	     0.122448	     0.028209	     0.034945	     0.017192
2018	02	13	06	34	05	     0.210108	     0.226789	     0.124219	     0.233816	     0.123793	     0.028535	     0.035349	     0.017391
2018	02	13	16	13	22	     0.184468	     0.244338	     0.121669	     0.226763	     0.143459	     0.023362	     0.038080	     0.017861
2018	02	15	04	41	48	     0.131484	     0.224862	     0.183208	     0.221675	     0.157491	     0.023906	     0.040858	     0.016517
2018	02	15	16	03	18	     0.119754	     0.137771	     0.252750	     0.203907	     0.199059	     0.023300	     0.042258	     0.021201
2018	02	16	05	22	45	     0.149197	     0.073570	     0.230203	     0.219128	     0.227593	     0.021043	     0.051657	     0.027609
2018	02	17	04	24	15	     0.149815	     0.070961	     0.234904	     0.215013	     0.229379	     0.020996	     0.051385	     0.027548
2018	02	18	05	06	19	     0.138770	     0.109559	     0.220695	     0.187880	     0.241796	     0.020125	     0.058422	     0.022753
2018	02	18	16	15	52	     0.113110	     0.151825	     0.210304	     0.188689	     0.231993	     0.018728	     0.066326	     0.019024
2018	02	18	16	20	48	     0.168515	     0.111039	     0.206784	     0.180619	     0.232949	     0.016525	     0.064942	     0.018627
2018	02	19	15	47	00	     0.127270	     0.175699	     0.210291	     0.154151	     0.240055	     0.019458	     0.051600	     0.021476
2018	02	20	04	49	56	     0.186897	     0.132745	     0.216061	     0.140138	     0.231533	     0.016020	     0.030533	     0.046074
2018	02	20	06	25	53	     0.186897	     0.132745	     0.216061	     0.140138	     0.231533	     0.016020	     0.030533	     0.046074
2018	02	20	16	05	25	     0.101821	     0.168626	     0.316363	     0.124901	     0.172645	     0.046404	     0.026064	     0.043176
2018	02	21	05	29	32	     0.070637	     0.174509	     0.355390	     0.113043	     0.179690	     0.038654	     0.021501	     0.046575
2018	02	22	04	33	31	     0.048667	     0.171340	     0.398414	     0.103080	     0.172029	     0.040795	     0.020742	     0.044932
2018	02	22	15	59	09	     0.081951	     0.145839	     0.389549	     0.128081	     0.056437	     0.138899	     0.021993	     0.037251
2018	02	23	05	14	30	     0.082280	     0.146667	     0.372144	     0.148401	     0.055663	     0.137150	     0.020867	     0.036828
2018	02	24	05	11	29	     0.067803	     0.174344	     0.332958	     0.184533	     0.057802	     0.129690	     0.016340	     0.036531
2018	02	24	05	12	36	     0.067793	     0.174460	     0.332911	     0.184507	     0.057793	     0.129671	     0.016338	     0.036526
2018	02	25	04	58	08	     0.091983	     0.209549	     0.275310	     0.182598	     0.059422	     0.126459	     0.022209	     0.032470
2018	02	25	16	11	42	     0.065097	     0.237908	     0.236447	     0.198256	     0.083020	     0.130681	     0.016728	     0.031863
2018	02	25	16	13	21	     0.066207	     0.227253	     0.269366	     0.195155	     0.070016	     0.122186	     0.017932	     0.031884
2018	02	27	05	24	43	     0.078618	     0.178386	     0.283421	     0.175058	     0.105203	     0.129176	     0.016895	     0.033242
2018	02	28	05	22	45	     0.089883	     0.115370	     0.338617	     0.177379	     0.110347	     0.123441	     0.013793	     0.031169
2018	03	01	04	25	04	     0.077216	     0.107504	     0.395959	     0.149391	     0.104431	     0.120743	     0.013730	     0.031026
2018	03	02	05	06	19	     0.088771	     0.219233	     0.277286	     0.184385	     0.070285	     0.114808	     0.012429	     0.032802
2018	03	03	05	08	26	     0.073643	     0.198620	     0.304868	     0.153367	     0.153889	     0.073792	     0.010483	     0.031337
2018	03	04	04	49	56	     0.051921	     0.206702	     0.333467	     0.166388	     0.102751	     0.097184	     0.012771	     0.028817
2018	03	04	16	06	50	     0.071218	     0.123433	     0.372323	     0.186623	     0.105424	     0.100380	     0.012468	     0.028132
2018	03	05	05	29	32	     0.065219	     0.135506	     0.363121	     0.187491	     0.109566	     0.100556	     0.012213	     0.026327
2018	03	05	15	38	35	     0.063741	     0.127763	     0.384204	     0.146276	     0.132831	     0.105765	     0.012072	     0.027348
2018	03	06	05	21	11	     0.067315	     0.126194	     0.366660	     0.159695	     0.131040	     0.111622	     0.010040	     0.027435
2018	03	07	05	14	30	     0.057966	     0.146274	     0.356665	     0.160579	     0.122082	     0.110903	     0.018620	     0.026910
2018	03	08	04	20	54	     0.051746	     0.156095	     0.357150	     0.176896	     0.106713	     0.105651	     0.020082	     0.025667
2018	03	08	15	50	48	     0.057141	     0.160186	     0.319585	     0.164194	     0.189134	     0.058991	     0.026789	     0.023980
2018	03	09	04	58	08	     0.052838	     0.150076	     0.291230	     0.210010	     0.142980	     0.101819	     0.023801	     0.027246
2018	03	09	06	34	05	     0.052875	     0.150115	     0.291240	     0.210017	     0.142882	     0.101822	     0.023802	     0.027247
2018	03	09	16	13	21	     0.044690	     0.148338	     0.345457	     0.169342	     0.146138	     0.097563	     0.021451	     0.027021
2018	03	11	04	41	48	     0.047783	     0.198655	     0.261764	     0.198169	     0.147058	     0.097264	     0.022643	     0.026665
2018	03	11	16	03	17	     0.047222	     0.181996	     0.223847	     0.231582	     0.150481	     0.111400	     0.028036	     0.025435
2018	03	12	05	22	45	     0.033750	     0.168855	     0.264742	     0.225663	     0.136742	     0.111943	     0.032043	     0.026262
2018	03	12	15	33	23	     0.033228	     0.125248	     0.278639	     0.253596	     0.146843	     0.102400	     0.033785	     0.026262
2018	03	13	04	24	15	     0.033362	     0.156952	     0.275959	     0.223850	     0.145530	     0.104565	     0.033605	     0.026176
2018	03	13	16	43	29	     0.033891	     0.157000	     0.275808	     0.223671	     0.145414	     0.104482	     0.033578	     0.026155
2018	03	14	05	06	19	     0.026587	     0.075754	     0.311520	     0.280507	     0.136246	     0.033487	     0.110286	     0.025612
2018	03	14	16	15	51	     0.027481	     0.078551	     0.292558	     0.280677	     0.155260	     0.030329	     0.108915	     0.026230
2018	03	15	04	16	44	     0.018213	     0.059509	     0.277107	     0.280143	     0.194197	     0.030601	     0.113582	     0.026648
2018	03	15	15	46	55	     0.022271	     0.053012	     0.241203	     0.298733	     0.222073	     0.041683	     0.095401	     0.025624
2018	03	16	04	49	56	     0.064878	     0.058417	     0.281852	     0.258288	     0.187834	     0.030501	     0.091537	     0.026693
2018	03	16	06	25	53	     0.064846	     0.058011	     0.282304	     0.258263	     0.187840	     0.030502	     0.091540	     0.026693
2018	03	17	05	29	32	     0.068015	     0.174869	     0.117750	     0.323976	     0.164785	     0.030088	     0.094298	     0.026217
2018	03	18	04	33	31	     0.043749	     0.221036	     0.148634	     0.292914	     0.145458	     0.027605	     0.094210	     0.026393
2018	03	19	05	14	31	     0.020370	     0.257412	     0.112134	     0.304504	     0.136605	     0.028370	     0.113580	     0.027025
2018	03	20	05	12	41	     0.020132	     0.265915	     0.186357	     0.181607	     0.180346	     0.026336	     0.115362	     0.023945
2018	03	20	15	32	16	     0.020332	     0.255923	     0.179427	     0.200705	     0.170224	     0.034430	     0.113929	     0.025031
2018	03	21	04	58	08	     0.024512	     0.182384	     0.271092	     0.185134	     0.139753	     0.101361	     0.071947	     0.023817
2018	03	21	06	34	05	     0.024835	     0.184210	     0.280376	     0.170672	     0.140990	     0.102283	     0.072601	     0.024033
2018	03	21	16	13	22	     0.028335	     0.129035	     0.274860	     0.233219	     0.140084	     0.072497	     0.096121	     0.025847
2018	03	23	05	25	21	     0.043352	     0.104104	     0.213293	     0.309110	     0.136626	     0.074388	     0.094430	     0.024697
2018	03	24	05	22	45	     0.036200	     0.105899	     0.180435	     0.325103	     0.165521	     0.089550	     0.069732	     0.027559
2018	03	25	04	25	09	     0.038869	     0.093377	     0.203408	     0.326103	     0.146101	     0.085610	     0.077634	     0.028898
2018	03	26	05	06	19	     0.026988	     0.043020	     0.257634	     0.353446	     0.113306	     0.067991	     0.109724	     0.027892
2018	03	27	05	08	28	     0.025205	     0.056954	     0.180574	     0.416397	     0.111540	     0.069591	     0.112898	     0.026841
2018	03	28	04	49	56	     0.015284	     0.044288	     0.154712	     0.466254	     0.155302	     0.025843	     0.109104	     0.029213
2018	03	28	06	25	53	     0.015284	     0.044288	     0.154712	     0.466254	     0.155302	     0.025843	     0.109104	     0.029213
2018	03	29	05	29	32	     0.023736	     0.035192	     0.139089	     0.479934	     0.158297	     0.026274	     0.111100	     0.026377
2018	03	30	05	20	57	     0.012829	     0.037149	     0.176997	     0.466641	     0.119542	     0.021507	     0.136624	     0.028711
2018	03	31	05	14	31	     0.020659	     0.081244	     0.153177	     0.368400	     0.171967	     0.099388	     0.078729	     0.026436
2018	04	01	04	15	49	     0.043809	     0.045312	     0.195186	     0.323155	     0.178871	     0.101383	     0.080562	     0.031722
2018	04	02	04	58	08	     0.048676	     0.044131	     0.203543	     0.314848	     0.172904	     0.058297	     0.125044	     0.032557
2018	04	02	06	34	05	     0.048700	     0.044189	     0.203538	     0.314436	     0.173132	     0.058326	     0.125107	     0.032573
2018	04	02	16	13	22	     0.064730	     0.048255	     0.205376	     0.288641	     0.175727	     0.068281	     0.119980	     0.029010
2018	04	04	04	41	49	     0.059922	     0.034075	     0.200128	     0.328387	     0.144526	     0.071080	     0.125817	     0.036066
2018	04	05	05	22	46	     0.026812	     0.041684	     0.179640	     0.333682	     0.160285	     0.079472	     0.139883	     0.038542
2018	04	06	05	15	37	     0.009003	     0.033191	     0.277600	     0.296602	     0.127370	     0.031158	     0.192756	     0.032320
2018	04	07	05	06	20	     0.044384	     0.023598	     0.250041	     0.233860	     0.196650	     0.033094	     0.189803	     0.028570
2018	04	07	16	20	49	     0.041009	     0.019701	     0.247043	     0.237316	     0.199522	     0.035692	     0.189919	     0.029798
2018	04	09	04	49	57	     0.044013	     0.014332	     0.254081	     0.236874	     0.180873	     0.043615	     0.190207	     0.036007
2018	04	09	06	25	54	     0.046106	     0.015615	     0.260464	     0.207382	     0.188626	     0.045551	     0.198651	     0.037605
2018	04	10	04	58	59	     0.046309	     0.019077	     0.276426	     0.184453	     0.197033	     0.078011	     0.153903	     0.044789
2018	04	10	05	29	33	     0.046355	     0.019722	     0.267809	     0.192471	     0.197217	     0.077735	     0.153903	     0.044789
2018	04	11	04	33	32	     0.046386	     0.019807	     0.294072	     0.210189	     0.151320	     0.079967	     0.153485	     0.044774
2018	04	12	05	14	31	     0.047204	     0.018473	     0.294825	     0.207009	     0.152147	     0.080576	     0.154653	     0.045115
2018	04	13	05	11	27	     0.276064	     0.021785	     0.159079	     0.140406	     0.154171	     0.052947	     0.153932	     0.041615
2018	04	13	15	32	17	     0.276697	     0.020533	     0.137888	     0.125440	     0.194044	     0.038865	     0.166186	     0.040346
2018	04	14	04	58	09	     0.352881	     0.019492	     0.036404	     0.146040	     0.191831	     0.055304	     0.155427	     0.042620
2018	04	14	06	34	05	     0.353741	     0.019264	     0.035311	     0.146026	     0.192049	     0.055337	     0.155595	     0.042678
2018	04	14	16	13	22	     0.364801	     0.016868	     0.020419	     0.153758	     0.191257	     0.045870	     0.162552	     0.044475
2018	04	16	05	23	18	     0.403619	     0.030400	     0.037794	     0.113819	     0.125784	     0.057542	     0.177197	     0.053845
2018	04	16	15	57	18	     0.407227	     0.022518	     0.037547	     0.112981	     0.125675	     0.038471	     0.203103	     0.052478
2018	04	17	05	21	46	     0.378218	     0.019438	     0.032663	     0.156587	     0.127689	     0.038735	     0.192686	     0.053984
2018	04	17	05	22	46	     0.355613	     0.020495	     0.034174	     0.162448	     0.132071	     0.040064	     0.199299	     0.055837
2018	04	18	04	25	06	     0.348918	     0.019056	     0.032401	     0.050497	     0.256036	     0.043249	     0.195411	     0.054433
2018	04	19	05	06	20	     0.328093	     0.017691	     0.030552	     0.056423	     0.253043	     0.053762	     0.192776	     0.067659
2018	04	20	05	07	17	     0.325579	     0.021085	     0.029598	     0.051673	     0.244852	     0.056424	     0.230103	     0.040685
2018	04	21	04	49	57	     0.112685	     0.026009	     0.026282	     0.058691	     0.332267	     0.074488	     0.296248	     0.073330
2018	04	21	06	25	54	     0.113018	     0.025913	     0.025708	     0.057022	     0.332422	     0.074798	     0.297484	     0.073636
2018	04	22	05	29	33	     0.119217	     0.019497	     0.029769	     0.040601	     0.367505	     0.095318	     0.255066	     0.073026
2018	04	23	05	19	49	     0.115535	     0.019559	     0.026893	     0.046102	     0.346605	     0.062168	     0.323833	     0.059304
2018	04	24	04	50	35	     0.034258	     0.015648	     0.012989	     0.084542	     0.377212	     0.062058	     0.333384	     0.079909
2018	04	25	04	15	50	     0.031371	     0.014055	     0.010871	     0.081068	     0.378009	     0.064529	     0.338407	     0.081690
2018	04	25	15	32	17	     0.030755	     0.013036	     0.010850	     0.077433	     0.374990	     0.059168	     0.359925	     0.073843
2018	04	26	04	58	09	     0.035802	     0.014855	     0.020413	     0.083894	     0.147056	     0.119376	     0.485839	     0.092765
2018	04	26	06	34	06	     0.035802	     0.014855	     0.020413	     0.083894	     0.147056	     0.119376	     0.485839	     0.092765
2018	04	27	05	02	00	     0.034546	     0.014034	     0.022779	     0.063694	     0.142718	     0.130627	     0.526071	     0.065530
2018	04	28	04	41	49	     0.019231	     0.015195	     0.023979	     0.067070	     0.080128	     0.155033	     0.529202	     0.110161
2018	04	28	15	57	10	     0.015110	     0.010193	     0.018827	     0.067754	     0.077947	     0.143422	     0.557501	     0.109246
2018	04	29	05	22	41	     0.014503	     0.010481	     0.017672	     0.061426	     0.073614	     0.144668	     0.566606	     0.111030
2018	04	30	05	14	31	     0.014573	     0.010302	     0.018090	     0.052136	     0.089573	     0.099874	     0.555025	     0.160427
2018	05	01	05	06	21	     0.015527	     0.008597	     0.020275	     0.063134	     0.093289	     0.140896	     0.470422	     0.187861
2018	05	01	16	20	34	     0.015631	     0.008328	     0.018578	     0.058168	     0.125304	     0.123126	     0.463549	     0.187316
2018	05	03	04	49	58	     0.004255	     0.003121	     0.008085	     0.015887	     0.150355	     0.258014	     0.406383	     0.153901
2018	05	03	06	25	55	     0.003153	     0.002866	     0.006306	     0.012324	     0.150330	     0.258957	     0.410576	     0.155489
2018	05	04	05	29	33	     0.003151	     0.002864	     0.007590	     0.007590	     0.054847	     0.065445	     0.744522	     0.113991
2018	05	05	04	33	33	     0.002629	     0.001022	     0.004674	     0.007595	     0.053454	     0.055791	     0.758726	     0.116109
2018	05	06	05	14	32	     0.001327	     0.000590	     0.003834	     0.003981	     0.034208	     0.037747	     0.762312	     0.156001
2018	05	07	05	10	22	     0.000723	     0.000434	     0.001590	     0.003614	     0.085718	     0.431628	     0.333912	     0.142382
2018	05	07	15	32	18	     0.000723	     0.000578	     0.001446	     0.003325	     0.063891	     0.402718	     0.410379	     0.116941
2018	05	08	04	58	10	     0.002062	     0.001418	     0.001933	     0.007603	     0.243943	     0.422552	     0.203093	     0.117397
2018	05	08	06	34	07	     0.001809	     0.001292	     0.001938	     0.007236	     0.244347	     0.422018	     0.203644	     0.117715
2018	05	08	16	13	36	     0.001809	     0.001292	     0.001938	     0.007623	     0.295478	     0.398450	     0.174419	     0.118992
2018	05	10	04	41	50	     0.001552	     0.001293	     0.001681	     0.006982	     0.380269	     0.325058	     0.169253	     0.113913
2018	05	10	15	57	17	     0.001681	     0.001164	     0.016682	     0.060649	     0.467994	     0.290573	     0.052632	     0.108625
2018	05	11	05	22	47	     0.001681	     0.001293	     0.001939	     0.013445	     0.306917	     0.336522	     0.228830	     0.109373
2018	05	12	04	24	17	     0.001681	     0.001293	     0.001939	     0.013445	     0.306917	     0.336522	     0.228830	     0.109373
2018	05	12	15	40	26	     0.001552	     0.001293	     0.002457	     0.102922	     0.335919	     0.291440	     0.254202	     0.010215
2018	05	13	05	06	21	     0.002020	     0.002155	     0.008753	     0.146378	     0.340830	     0.206437	     0.282925	     0.010504
2018	05	14	05	06	12	     0.001570	     0.002617	     0.004318	     0.636138	     0.164072	     0.081512	     0.100092	     0.009682
2018	05	15	06	25	55	     0.002575	     0.002304	     0.131843	     0.608401	     0.129404	     0.082114	     0.042683	     0.000678
2018	05	17	04	33	33	     0.005592	     0.003531	     0.142584	     0.659653	     0.064597	     0.080930	     0.042378	     0.000736
2018	05	18	05	14	33	     0.005177	     0.003402	     0.057684	     0.551841	     0.312084	     0.033723	     0.035350	     0.000740
2018	05	19	04	15	51	     0.005512	     0.003426	     0.059586	     0.555638	     0.312379	     0.032474	     0.030538	     0.000447
2018	05	19	15	32	18	     0.005512	     0.003426	     0.044243	     0.551765	     0.171756	     0.194995	     0.027856	     0.000447
2018	05	20	06	34	07	     0.003438	     0.003438	     0.019136	     0.757363	     0.156825	     0.055315	     0.004036	     0.000448
