2017	12	07	04	24	17	     0.031715
2017	12	07	05	16	20	     0.032652
2017	12	08	05	06	21	     0.051886
2017	12	08	16	15	26	     0.051886
2017	12	08	16	20	50	     0.051886
2017	12	09	15	47	06	     0.051234
2017	12	10	04	49	58	     0.052677
2017	12	10	06	25	55	     0.052677
2017	12	11	05	29	34	     0.062144
2017	12	11	16	27	56	     0.062144
2017	12	12	04	33	33	     0.062144
2017	12	12	15	59	17	     0.081395
2017	12	13	05	14	33	     0.083759
2017	12	13	15	29	08	     0.083759
2017	12	14	05	10	30	     0.099362
2017	12	14	16	39	41	     0.093322
2017	12	15	04	58	10	     0.088124
2017	12	15	16	10	41	     0.088124
2017	12	15	16	13	24	     0.084757
2017	12	16	15	41	51	     0.084674
2017	12	17	05	24	55	     0.082918
2017	12	18	05	22	47	     0.092988
2017	12	19	04	24	17	     0.085112
2017	12	20	05	06	21	     0.151657
2017	12	21	05	06	21	     0.172409
2017	12	21	16	35	13	     0.172409
2017	12	22	04	49	58	     0.168947
2017	12	22	16	07	37	     0.168947
2017	12	23	05	29	33	     0.163942
2017	12	23	15	38	48	     0.165831
2017	12	24	05	18	53	     0.200104
2017	12	24	16	47	19	     0.200104
2017	12	25	05	14	32	     0.219668
2017	12	25	16	20	06	     0.223281
2017	12	26	04	15	50	     0.224639
2017	12	26	15	50	54	     0.171694
2017	12	27	04	58	09	     0.217687
2017	12	27	06	34	06	     0.217687
2017	12	28	05	04	39	     0.202804
2017	12	28	16	31	12	     0.202804
2017	12	29	04	34	11	     0.200652
2017	12	29	04	41	49	     0.200637
2017	12	30	05	22	47	     0.224778
2017	12	31	05	15	45	     0.251056
2017	12	31	16	43	35	     0.251056
2018	01	01	05	06	20	     0.254066
2018	01	01	16	15	44	     0.253284
2018	01	01	16	20	49	     0.253290
2018	01	02	15	46	48	     0.249998
2018	01	03	04	49	57	     0.275207
2018	01	03	06	25	54	     0.275207
2018	01	04	05	29	33	     0.340396
2018	01	05	04	33	32	     0.321471
2018	01	05	15	58	06	     0.321490
2018	01	06	05	14	32	     0.298057
2018	01	07	05	11	35	     0.269044
2018	01	07	16	39	21	     0.285078
2018	01	08	04	58	09	     0.285091
2018	01	08	16	10	39	     0.285117
2018	01	08	16	13	23	     0.295816
2018	01	09	15	42	43	     0.297519
2018	01	10	05	24	29	     0.300199
2018	01	11	05	22	46	     0.323371
2018	01	12	04	24	16	     0.325486
2018	01	12	15	55	04	     0.372420
2018	01	13	05	06	20	     0.388807
2018	01	14	05	08	46	     0.414458
2018	01	14	16	35	17	     0.414468
2018	01	15	04	49	57	     0.386974
2018	01	15	16	07	32	     0.383273
2018	01	16	05	29	32	     0.384581
2018	01	17	04	33	32	     0.386014
2018	01	18	05	14	31	     0.458121
2018	01	19	04	15	49	     0.438387
2018	01	19	15	50	49	     0.465847
2018	01	20	04	58	08	     0.475518
2018	01	20	06	34	05	     0.475344
2018	01	20	16	13	22	     0.542690
2018	01	22	04	41	48	     0.595616
2018	01	22	16	03	23	     0.743123
2018	01	23	05	22	46	     0.740889
2018	01	24	04	24	16	     0.740705
2018	01	25	05	06	19	     1.363927
2018	01	25	16	14	34	     1.365627
2018	01	25	16	20	48	     1.362773
2018	01	26	15	46	48	     1.376294
2018	01	27	04	49	57	     1.353467
2018	01	27	06	25	53	     1.351806
2018	01	28	05	29	32	     1.296282
2018	01	29	04	33	31	     1.303948
2018	01	29	15	59	20	     1.177421
2018	01	30	05	14	31	     1.140695
2018	01	30	05	14	31	     1.168869
2018	01	31	05	11	29	     1.302729
2018	01	31	15	32	16	     1.326368
2018	02	01	04	58	08	     1.327861
2018	02	01	16	10	57	     1.339552
2018	02	01	16	13	22	     1.446554
2018	02	02	15	42	52	     1.345739
2018	02	03	05	23	41	     1.356423
2018	02	04	05	22	45	     1.548564
2018	02	04	16	23	51	     1.564253
2018	02	05	04	25	48	     1.565141
2018	02	06	05	06	19	     1.982348
2018	02	07	05	08	28	     2.120019
2018	02	08	04	49	56	     2.132766
2018	02	08	16	07	30	     2.264016
2018	02	09	05	29	32	     2.272319
2018	02	09	15	38	40	     2.297206
2018	02	10	04	33	31	     2.288302
2018	02	11	05	14	31	     2.219855
2018	02	12	04	15	49	     2.216762
2018	02	12	15	50	48	     2.258001
2018	02	13	04	58	08	     2.061884
2018	02	13	06	34	05	     2.054751
2018	02	13	16	13	22	     2.075454
2018	02	15	04	41	48	     2.172615
2018	02	15	16	03	18	     2.438243
2018	02	16	05	22	45	     2.385312
2018	02	17	04	24	15	     2.383303
2018	02	18	05	06	19	     2.460679
2018	02	18	16	15	52	     2.514988
2018	02	18	16	20	48	     2.522182
2018	02	19	15	47	00	     2.496966
2018	02	20	04	49	56	     2.547640
2018	02	20	06	25	53	     2.547640
2018	02	20	16	05	25	     2.829158
2018	02	21	05	29	32	     2.881967
2018	02	22	04	33	31	     2.959028
2018	02	22	15	59	09	     3.487582
2018	02	23	05	14	30	     3.588217
2018	02	24	05	11	29	     3.879990
2018	02	24	05	12	36	     3.880060
2018	02	25	04	58	08	     3.756357
2018	02	25	16	11	42	     3.990849
2018	02	25	16	13	21	     4.070866
2018	02	27	05	24	43	     4.276843
2018	02	28	05	22	45	     4.308582
2018	03	01	04	25	04	     4.308713
2018	03	02	05	06	19	     4.160444
2018	03	03	05	08	26	     4.494827
2018	03	04	04	49	56	     4.649439
2018	03	04	16	06	50	     4.877954
2018	03	05	05	29	32	     4.905635
2018	03	05	15	38	35	     5.038242
2018	03	06	05	21	11	     5.099398
2018	03	07	05	14	30	     5.331318
2018	03	08	04	20	54	     5.190573
2018	03	08	15	50	48	     5.164261
2018	03	09	04	58	08	     5.387281
2018	03	09	06	34	05	     5.387170
2018	03	09	16	13	21	     5.385077
2018	03	11	04	41	48	     5.280743
2018	03	11	16	03	17	     5.726670
2018	03	12	05	22	45	     5.717537
2018	03	12	15	33	23	     5.831626
2018	03	13	04	24	15	     5.773018
2018	03	13	16	43	29	     5.773783
2018	03	14	05	06	19	     6.213594
2018	03	14	16	15	51	     6.269844
2018	03	15	04	16	44	     6.478016
2018	03	15	15	46	55	     6.640743
2018	03	16	04	49	56	     6.301087
2018	03	16	06	25	53	     6.301173
2018	03	17	05	29	32	     6.374302
2018	03	18	04	33	31	     6.057328
2018	03	19	05	14	31	     6.173396
2018	03	20	05	12	41	     6.184874
2018	03	20	15	32	16	     6.224170
2018	03	21	04	58	08	     5.992317
2018	03	21	06	34	05	     5.938292
2018	03	21	16	13	22	     6.266568
2018	03	23	05	25	21	     6.534130
2018	03	24	05	22	45	     6.582535
2018	03	25	04	25	09	     6.315878
2018	03	26	05	06	19	     6.574170
2018	03	27	05	08	28	     6.779194
2018	03	28	04	49	56	     6.730176
2018	03	28	06	25	53	     6.730176
2018	03	29	05	29	32	     6.849525
2018	03	30	05	20	57	     6.902321
2018	03	31	05	14	31	     6.738994
2018	04	01	04	15	49	     6.625880
2018	04	02	04	58	08	     6.615198
2018	04	02	06	34	05	     6.612720
2018	04	02	16	13	22	     6.512494
2018	04	04	04	41	49	     6.317813
2018	04	05	05	22	46	     5.993271
2018	04	06	05	15	37	     6.173981
2018	04	07	05	06	20	     6.380163
2018	04	07	16	20	49	     6.334423
2018	04	09	04	49	57	     5.922367
2018	04	09	06	25	54	     5.769714
2018	04	10	04	58	59	     5.782359
2018	04	10	05	29	33	     5.799724
2018	04	11	04	33	32	     5.678618
2018	04	12	05	14	31	     5.650450
2018	04	13	05	11	27	     5.597209
2018	04	13	15	32	17	     5.714721
2018	04	14	04	58	09	     5.313783
2018	04	14	06	34	05	     5.308725
2018	04	14	16	13	22	     5.334169
2018	04	16	05	23	18	     4.613153
2018	04	16	15	57	18	     4.626565
2018	04	17	05	21	46	     4.997894
2018	04	17	05	22	46	     4.992391
2018	04	18	04	25	06	     5.230199
2018	04	19	05	06	20	     5.378625
2018	04	20	05	07	17	     5.170387
2018	04	21	04	49	57	     4.943419
2018	04	21	06	25	54	     4.931979
2018	04	22	05	29	33	     4.750047
2018	04	23	05	19	49	     4.961156
2018	04	24	04	50	35	     4.923647
2018	04	25	04	15	50	     4.868386
2018	04	25	15	32	17	     4.892030
2018	04	26	04	58	09	     4.005016
2018	04	26	06	34	06	     4.005016
2018	04	27	05	02	00	     4.035548
2018	04	28	04	41	49	     3.901361
2018	04	28	15	57	10	     3.835340
2018	04	29	05	22	41	     3.804909
2018	04	30	05	14	31	     3.794866
2018	05	01	05	06	21	     3.741361
2018	05	01	16	20	34	     3.733917
2018	05	03	04	49	58	     3.325722
2018	05	03	06	25	55	     3.311351
2018	05	04	05	29	33	     3.509856
2018	05	05	04	33	33	     3.470296
2018	05	06	05	14	32	     3.530625
2018	05	07	05	10	22	     3.310661
2018	05	07	15	32	18	     3.313347
2018	05	08	04	58	10	     3.312590
2018	05	08	06	34	07	     3.306172
2018	05	08	16	13	36	     3.262281
2018	05	10	04	41	50	     3.171901
2018	05	10	15	57	17	     2.762266
2018	05	11	05	22	47	     3.284888
2018	05	12	04	24	17	     3.284791
2018	05	12	15	40	26	     2.817905
2018	05	13	05	06	21	     2.663463
2018	05	14	05	06	12	     1.977376
2018	05	15	06	25	55	     1.644268
2018	05	17	04	33	33	     1.460262
2018	05	18	05	14	33	     1.637922
2018	05	19	04	15	51	     1.612515
2018	05	19	15	32	18	     1.707347
2018	05	20	06	34	07	     1.336415
