2017	12	01	     0.320251	     0.299058	     0.291994	     0.071429	     0.010989	     0.003140	     0.000000	     0.003140
2017	12	02	     0.304976	     0.173355	     0.360353	     0.142055	     0.013644	     0.001605	     0.000803	     0.003210
2017	12	03	     0.355196	     0.137990	     0.223169	     0.229131	     0.039182	     0.009370	     0.002555	     0.003407
2017	12	04	     0.318859	     0.251458	     0.215165	     0.186649	     0.020091	     0.005185	     0.000648	     0.001944
2017	12	05	     0.374711	     0.206120	     0.192841	     0.187644	     0.029446	     0.006351	     0.001155	     0.001732
2017	12	06	     0.390655	     0.238439	     0.186416	     0.150289	     0.026975	     0.004817	     0.000963	     0.001445
2017	12	07	     0.421560	     0.112844	     0.231651	     0.196789	     0.030275	     0.004128	     0.001376	     0.001376
2017	12	08	     0.492934	     0.088185	     0.119842	     0.196721	     0.048050	     0.017524	     0.013567	     0.023177
2017	12	09	     0.461057	     0.100834	     0.127260	     0.132823	     0.081363	     0.028512	     0.015994	     0.052156
2017	12	10	     0.456425	     0.127770	     0.101920	     0.101182	     0.079025	     0.045790	     0.018464	     0.069424
2017	12	11	     0.389430	     0.112656	     0.180807	     0.097357	     0.082058	     0.050765	     0.018776	     0.068150
2017	12	12	     0.383878	     0.128523	     0.204622	     0.095829	     0.077227	     0.038331	     0.018602	     0.052988
2017	12	13	     0.356621	     0.118721	     0.215068	     0.138356	     0.097717	     0.041096	     0.014155	     0.018265
2017	12	14	     0.377632	     0.114647	     0.136640	     0.173608	     0.092653	     0.046795	     0.026205	     0.031820
2017	12	15	     0.394000	     0.069500	     0.121000	     0.187000	     0.093000	     0.069000	     0.024000	     0.042500
2017	12	16	     0.323449	     0.112682	     0.132299	     0.214416	     0.104471	     0.059307	     0.019161	     0.034215
2017	12	17	     0.294680	     0.105985	     0.157523	     0.229426	     0.121779	     0.044057	     0.014131	     0.032419
2017	12	18	     0.272652	     0.100494	     0.160214	     0.239703	     0.124794	     0.043657	     0.025535	     0.032949
2017	12	19	     0.273737	     0.105666	     0.147014	     0.239280	     0.134380	     0.034839	     0.031776	     0.033308
2017	12	20	     0.357505	     0.107992	     0.116179	     0.163743	     0.126316	     0.031969	     0.038207	     0.058090
2017	12	21	     0.400758	     0.076136	     0.114394	     0.139394	     0.125758	     0.048864	     0.037879	     0.056818
2017	12	22	     0.365096	     0.112777	     0.152391	     0.088865	     0.139543	     0.051035	     0.032120	     0.058173
2017	12	23	     0.346128	     0.149239	     0.145599	     0.081072	     0.135341	     0.062210	     0.026803	     0.053607
2017	12	24	     0.276562	     0.167187	     0.165000	     0.105937	     0.158437	     0.064687	     0.030312	     0.031875
2017	12	25	     0.277762	     0.144680	     0.178313	     0.127863	     0.147579	     0.065816	     0.026095	     0.031893
2017	12	26	     0.282502	     0.136469	     0.211683	     0.148617	     0.121737	     0.052727	     0.018868	     0.027397
2017	12	27	     0.308018	     0.143663	     0.211380	     0.156830	     0.091700	     0.051023	     0.018340	     0.019045
2017	12	28	     0.283023	     0.175824	     0.224714	     0.146445	     0.091949	     0.046647	     0.013456	     0.017941
2017	12	29	     0.344962	     0.140195	     0.178332	     0.178548	     0.096641	     0.029686	     0.010834	     0.020802
2017	12	30	     0.414420	     0.114179	     0.091387	     0.200307	     0.092702	     0.040763	     0.016217	     0.030024
2017	12	31	     0.434219	     0.109159	     0.091368	     0.154623	     0.103668	     0.049198	     0.017571	     0.040193
2018	01	01	     0.479176	     0.105206	     0.074620	     0.093926	     0.111063	     0.064859	     0.022777	     0.048373
2018	01	02	     0.403904	     0.123536	     0.093456	     0.076234	     0.142824	     0.079219	     0.025029	     0.055798
2018	01	03	     0.391342	     0.109969	     0.122212	     0.080017	     0.133800	     0.078268	     0.032138	     0.052252
2018	01	04	     0.359077	     0.113536	     0.109969	     0.112277	     0.139979	     0.085834	     0.033788	     0.045540
2018	01	05	     0.369498	     0.114841	     0.093347	     0.100716	     0.157421	     0.092119	     0.028250	     0.043808
2018	01	06	     0.311094	     0.143640	     0.118125	     0.134757	     0.189000	     0.055944	     0.016821	     0.030618
2018	01	07	     0.221472	     0.177469	     0.163958	     0.218185	     0.139858	     0.039255	     0.012963	     0.026840
2018	01	08	     0.189067	     0.185411	     0.264450	     0.166609	     0.105327	     0.051184	     0.008008	     0.029944
2018	01	09	     0.183945	     0.205124	     0.277541	     0.137319	     0.083860	     0.067293	     0.011443	     0.033476
2018	01	10	     0.153107	     0.217130	     0.271026	     0.145383	     0.088912	     0.075867	     0.014246	     0.034329
2018	01	11	     0.122497	     0.158169	     0.316675	     0.175501	     0.095406	     0.076056	     0.022884	     0.032812
2018	01	12	     0.121777	     0.205290	     0.260689	     0.166195	     0.084844	     0.075861	     0.045417	     0.039927
2018	01	13	     0.155299	     0.179706	     0.224340	     0.168338	     0.088098	     0.071214	     0.060181	     0.052825
2018	01	14	     0.170093	     0.178382	     0.206399	     0.163462	     0.077255	     0.071618	     0.071286	     0.061505
2018	01	15	     0.181623	     0.273509	     0.157329	     0.140307	     0.044290	     0.050405	     0.057842	     0.094695
2018	01	16	     0.280854	     0.285023	     0.120747	     0.064209	     0.054036	     0.049033	     0.041027	     0.105070
2018	01	17	     0.310396	     0.254187	     0.120710	     0.061847	     0.054054	     0.055049	     0.032996	     0.110761
2018	01	18	     0.297581	     0.215013	     0.147456	     0.069558	     0.057882	     0.056547	     0.038032	     0.117932
2018	01	19	     0.237813	     0.194482	     0.191435	     0.089032	     0.061104	     0.058226	     0.040792	     0.127116
2018	01	20	     0.193006	     0.147476	     0.238370	     0.118113	     0.070604	     0.061861	     0.041900	     0.128670
2018	01	21	     0.101428	     0.127359	     0.256688	     0.169046	     0.105531	     0.065321	     0.043985	     0.130642
2018	01	22	     0.063903	     0.093561	     0.254957	     0.223660	     0.108307	     0.075537	     0.049975	     0.130100
2018	01	23	     0.037400	     0.054712	     0.218847	     0.290870	     0.129185	     0.080189	     0.057651	     0.131145
2018	01	24	     0.038662	     0.100653	     0.177977	     0.256933	     0.133442	     0.080424	     0.063295	     0.148613
2018	01	25	     0.064437	     0.118760	     0.180750	     0.224470	     0.136215	     0.065905	     0.040946	     0.168516
2018	01	26	     0.032463	     0.117455	     0.156933	     0.241272	     0.172104	     0.063132	     0.040131	     0.176509
2018	01	27	     0.023328	     0.059869	     0.148124	     0.270310	     0.182545	     0.084339	     0.043883	     0.187602
2018	01	28	     0.018923	     0.040131	     0.127406	     0.255465	     0.204894	     0.107504	     0.055791	     0.189886
2018	01	29	     0.006852	     0.038499	     0.129527	     0.228548	     0.214356	     0.119576	     0.064274	     0.198369
2018	01	30	     0.001142	     0.025612	     0.125612	     0.223328	     0.218760	     0.130343	     0.065416	     0.209788
2018	01	31	     0.000000	     0.018108	     0.098532	     0.216150	     0.228385	     0.149918	     0.064600	     0.224307
2018	02	01	     0.009299	     0.055791	     0.107993	     0.247308	     0.151387	     0.117292	     0.066721	     0.244209
2018	02	02	     0.003100	     0.037031	     0.225449	     0.167210	     0.145024	     0.098369	     0.062969	     0.260848
2018	02	03	     0.000489	     0.021860	     0.218271	     0.190865	     0.144046	     0.097553	     0.063295	     0.263622
2018	02	04	     0.000000	     0.011582	     0.127569	     0.259706	     0.165090	     0.105546	     0.068515	     0.261990
2018	02	05	     0.000000	     0.000000	     0.042088	     0.292822	     0.203263	     0.111256	     0.077488	     0.273083
2018	02	06	     0.000000	     0.002773	     0.028385	     0.282871	     0.211746	     0.106688	     0.078956	     0.288581
2018	02	07	     0.000000	     0.007830	     0.029527	     0.241925	     0.231485	     0.115334	     0.080098	     0.293801
2018	02	08	     0.000326	     0.003426	     0.019576	     0.189723	     0.270799	     0.119250	     0.082219	     0.314682
2018	02	09	     0.010604	     0.020392	     0.025449	     0.136542	     0.267537	     0.125449	     0.079608	     0.334421
2018	02	10	     0.013540	     0.026101	     0.043883	     0.111909	     0.268352	     0.133279	     0.090212	     0.312724
2018	02	11	     0.004568	     0.025938	     0.061990	     0.085481	     0.266558	     0.142414	     0.093312	     0.319739
2018	02	12	     0.005220	     0.015171	     0.063948	     0.066395	     0.263785	     0.148287	     0.101631	     0.335563
2018	02	13	     0.013377	     0.022349	     0.048450	     0.077814	     0.225938	     0.151876	     0.097879	     0.362316
2018	02	14	     0.023491	     0.029364	     0.056770	     0.086786	     0.185644	     0.139478	     0.085155	     0.393312
2018	02	15	     0.016476	     0.031811	     0.049429	     0.105710	     0.169657	     0.125938	     0.083361	     0.417618
2018	02	16	     0.003263	     0.027896	     0.068026	     0.112887	     0.142251	     0.136705	     0.086134	     0.422839
2018	02	17	     0.000000	     0.003263	     0.066232	     0.124470	     0.108483	     0.177325	     0.088907	     0.431321
2018	02	18	     0.000000	     0.000000	     0.037194	     0.128222	     0.104568	     0.195432	     0.089560	     0.445024
2018	02	19	     0.000000	     0.000000	     0.002936	     0.115824	     0.109135	     0.204731	     0.094943	     0.472431
2018	02	20	     0.000000	     0.000000	     0.000000	     0.048450	     0.144698	     0.206362	     0.099184	     0.501305
2018	02	21	     0.000000	     0.000000	     0.000000	     0.016476	     0.139478	     0.200489	     0.115334	     0.528222
2018	02	22	     0.000000	     0.000000	     0.000000	     0.001794	     0.123002	     0.165579	     0.153181	     0.556444
2018	02	23	     0.000000	     0.000000	     0.000000	     0.000326	     0.101305	     0.136215	     0.186786	     0.575367
2018	02	24	     0.000000	     0.000000	     0.000000	     0.001631	     0.071452	     0.121207	     0.209625	     0.596085
2018	02	25	     0.000000	     0.000979	     0.003100	     0.003752	     0.024144	     0.114029	     0.216313	     0.637684
2018	02	26	     0.000489	     0.004078	     0.009788	     0.014356	     0.023002	     0.080587	     0.231811	     0.635889
2018	02	27	     0.000000	     0.002773	     0.016803	     0.022838	     0.025612	     0.062153	     0.235400	     0.634421
2018	02	28	     0.000000	     0.000000	     0.000489	     0.007015	     0.022675	     0.055139	     0.233279	     0.681403
2018	03	01	     0.000000	     0.000000	     0.000000	     0.001305	     0.012561	     0.042088	     0.208809	     0.735237
2018	03	02	     0.000000	     0.000000	     0.000000	     0.000000	     0.006688	     0.029527	     0.186786	     0.776998
2018	03	03	     0.000000	     0.000000	     0.000000	     0.000000	     0.004568	     0.023165	     0.156933	     0.815334
2018	03	04	     0.000000	     0.000000	     0.000000	     0.000163	     0.002936	     0.019902	     0.139967	     0.837031
2018	03	05	     0.000000	     0.002284	     0.003263	     0.005710	     0.002610	     0.012072	     0.121370	     0.852692
2018	03	06	     0.000000	     0.002121	     0.005057	     0.005057	     0.006525	     0.009788	     0.086134	     0.885318
2018	03	07	     0.000816	     0.002610	     0.007178	     0.009625	     0.009299	     0.009951	     0.067374	     0.893148
2018	03	08	     0.000000	     0.001631	     0.006199	     0.010277	     0.010277	     0.011419	     0.053997	     0.906199
2018	03	09	     0.000163	     0.000653	     0.005873	     0.008483	     0.011093	     0.010930	     0.047635	     0.915171
2018	03	10	     0.000979	     0.000163	     0.001958	     0.008320	     0.011909	     0.010930	     0.041599	     0.924144
2018	03	11	     0.000000	     0.000326	     0.000979	     0.004568	     0.009135	     0.011746	     0.038662	     0.934584
2018	03	12	     0.000000	     0.000163	     0.000326	     0.002610	     0.008157	     0.009135	     0.038825	     0.940783
2018	03	13	     0.000000	     0.000000	     0.000979	     0.003752	     0.009788	     0.011093	     0.029364	     0.945024
2018	03	14	     0.005710	     0.012398	     0.013051	     0.012398	     0.020392	     0.021697	     0.022675	     0.891680
2018	03	15	     0.007993	     0.028385	     0.035400	     0.021370	     0.022512	     0.019739	     0.017781	     0.846819
2018	03	16	     0.003915	     0.031485	     0.050571	     0.025775	     0.017781	     0.016966	     0.019576	     0.833932
2018	03	17	     0.000163	     0.005873	     0.053670	     0.034095	     0.020881	     0.022349	     0.020065	     0.842904
2018	03	18	     0.009135	     0.009788	     0.026427	     0.042904	     0.030179	     0.020555	     0.018760	     0.842251
2018	03	19	     0.020065	     0.026754	     0.039315	     0.037520	     0.024633	     0.015987	     0.018108	     0.817618
2018	03	20	     0.004241	     0.040457	     0.048777	     0.047145	     0.029364	     0.021044	     0.017129	     0.791843
2018	03	21	     0.001468	     0.012072	     0.026427	     0.054976	     0.039152	     0.022349	     0.016803	     0.826754
2018	03	22	     0.018434	     0.011909	     0.024633	     0.057096	     0.035563	     0.020881	     0.017945	     0.813540
2018	03	23	     0.003426	     0.034910	     0.038336	     0.055465	     0.036705	     0.018923	     0.015661	     0.796574
2018	03	24	     0.000000	     0.003426	     0.023002	     0.046982	     0.045840	     0.023002	     0.020555	     0.837194
2018	03	25	     0.007993	     0.023328	     0.023165	     0.035073	     0.036868	     0.027732	     0.017781	     0.828059
2018	03	26	     0.016313	     0.044861	     0.043230	     0.031811	     0.036215	     0.029201	     0.020555	     0.777814
2018	03	27	     0.021533	     0.043393	     0.048450	     0.031648	     0.039967	     0.029527	     0.018923	     0.766558
2018	03	28	     0.017618	     0.039315	     0.050571	     0.035726	     0.040457	     0.030506	     0.019576	     0.766232
2018	03	29	     0.023165	     0.031648	     0.042904	     0.037194	     0.043393	     0.036705	     0.020718	     0.764274
2018	03	30	     0.019902	     0.032300	     0.037847	     0.037194	     0.041436	     0.038825	     0.020392	     0.772104
2018	03	31	     0.023165	     0.019576	     0.035237	     0.037520	     0.041925	     0.039478	     0.023654	     0.779445
2018	04	01	     0.016803	     0.013377	     0.026101	     0.035400	     0.041599	     0.040294	     0.020881	     0.805546
2018	04	02	     0.004568	     0.008809	     0.025612	     0.027243	     0.046166	     0.044372	     0.022675	     0.820555
2018	04	03	     0.030847	     0.034438	     0.046679	     0.044394	     0.040966	     0.028399	     0.020402	     0.753876
2018	04	04	     0.049103	     0.041272	     0.030016	     0.030343	     0.039478	     0.030995	     0.020392	     0.758401
2018	04	05	     0.017781	     0.025612	     0.028548	     0.024144	     0.049266	     0.040457	     0.029038	     0.785155
2018	04	06	     0.029373	     0.024967	     0.027905	     0.028068	     0.050587	     0.032637	     0.023499	     0.782963
2018	04	07	     0.088332	     0.032448	     0.023599	     0.024746	     0.043592	     0.035070	     0.022124	     0.730088
2018	04	08	     0.097472	     0.016851	     0.015364	     0.018338	     0.040476	     0.036015	     0.022633	     0.752850
2018	04	09	     0.091722	     0.021854	     0.019205	     0.021358	     0.041060	     0.032450	     0.019702	     0.752649
2018	04	10	     0.122135	     0.010948	     0.010606	     0.016593	     0.031475	     0.038830	     0.021895	     0.747520
2018	04	11	     0.094470	     0.008667	     0.010574	     0.019761	     0.029641	     0.042295	     0.024094	     0.770497
2018	04	12	     0.086979	     0.007639	     0.009722	     0.019271	     0.029167	     0.042535	     0.025868	     0.778819
2018	04	13	     0.076975	     0.013794	     0.015157	     0.018903	     0.030654	     0.039510	     0.026056	     0.778951
2018	04	14	     0.073332	     0.015787	     0.011373	     0.017654	     0.023595	     0.042268	     0.025632	     0.790358
2018	04	15	     0.061345	     0.010924	     0.012437	     0.017143	     0.025882	     0.045378	     0.026891	     0.800000
2018	04	16	     0.050050	     0.007726	     0.009909	     0.014612	     0.029056	     0.048707	     0.025193	     0.814746
2018	04	17	     0.045118	     0.011448	     0.011953	     0.018855	     0.032828	     0.047138	     0.026599	     0.806061
2018	04	18	     0.045554	     0.013733	     0.016413	     0.019427	     0.033830	     0.048736	     0.025624	     0.796684
2018	04	19	     0.048268	     0.012782	     0.014968	     0.017659	     0.035486	     0.044904	     0.023377	     0.802556
2018	04	20	     0.047324	     0.011371	     0.013545	     0.016388	     0.038629	     0.045150	     0.022241	     0.805351
2018	04	21	     0.040267	     0.013200	     0.013367	     0.016040	     0.032916	     0.048120	     0.023893	     0.812197
2018	04	22	     0.028605	     0.016298	     0.012140	     0.018460	     0.029769	     0.052386	     0.026609	     0.815733
2018	04	23	     0.018245	     0.014793	     0.016437	     0.021203	     0.028764	     0.045201	     0.031229	     0.824129
2018	04	24	     0.013587	     0.012441	     0.013259	     0.019479	     0.027337	     0.028483	     0.032411	     0.853004
2018	04	25	     0.022556	     0.017816	     0.016018	     0.013893	     0.020432	     0.022393	     0.029421	     0.857470
2018	04	26	     0.030253	     0.019297	     0.017825	     0.018152	     0.022567	     0.024039	     0.028618	     0.839248
2018	04	27	     0.028768	     0.020432	     0.018143	     0.019778	     0.022883	     0.020758	     0.030566	     0.838673
2018	04	28	     0.031858	     0.021892	     0.016991	     0.022219	     0.017481	     0.020748	     0.030060	     0.838752
2018	04	29	     0.036251	     0.024331	     0.022371	     0.017636	     0.018779	     0.021718	     0.029393	     0.829523
2018	04	30	     0.022865	     0.022865	     0.019108	     0.015679	     0.018782	     0.027764	     0.026621	     0.846317
2018	05	01	     0.010937	     0.012243	     0.016650	     0.018936	     0.023017	     0.025465	     0.069376	     0.823376
2018	05	02	     0.016356	     0.012921	     0.017664	     0.023225	     0.026497	     0.026006	     0.117272	     0.760059
2018	05	03	     0.027950	     0.017162	     0.015691	     0.021576	     0.025662	     0.020105	     0.163289	     0.708565
2018	05	04	     0.046763	     0.025507	     0.031557	     0.034663	     0.025343	     0.038751	     0.173970	     0.623447
2018	05	05	     0.037073	     0.021395	     0.026621	     0.027601	     0.025968	     0.067614	     0.151233	     0.642496
2018	05	06	     0.020922	     0.017653	     0.020922	     0.021739	     0.029258	     0.111311	     0.177836	     0.600360
2018	05	07	     0.022044	     0.017799	     0.017636	     0.019595	     0.043926	     0.145656	     0.190562	     0.542782
2018	05	08	     0.023328	     0.017292	     0.020881	     0.026591	     0.065253	     0.176672	     0.182382	     0.487602
2018	05	09	     0.024633	     0.024959	     0.019902	     0.023654	     0.099184	     0.185481	     0.165253	     0.456933
2018	05	10	     0.045403	     0.027764	     0.024988	     0.066144	     0.165932	     0.153030	     0.128858	     0.387882
2018	05	11	     0.058419	     0.027328	     0.029455	     0.087220	     0.161676	     0.137948	     0.116348	     0.381607
2018	05	12	     0.072459	     0.029016	     0.029016	     0.081639	     0.144754	     0.144918	     0.118689	     0.379508
2018	05	13	     0.084607	     0.029078	     0.027107	     0.081649	     0.141613	     0.146542	     0.114671	     0.374733
2018	05	14	     0.094876	     0.028264	     0.028430	     0.087273	     0.132397	     0.161157	     0.107769	     0.359835
2018	05	15	     0.100762	     0.033146	     0.037123	     0.107226	     0.135731	     0.167219	     0.093636	     0.325157
2018	05	16	     0.100331	     0.033775	     0.040728	     0.114901	     0.134934	     0.169040	     0.094536	     0.311755
2018	05	17	     0.082950	     0.045171	     0.066360	     0.159001	     0.190046	     0.135841	     0.107917	     0.212714
2018	05	18	     0.094262	     0.057705	     0.114098	     0.192623	     0.192623	     0.108033	     0.098361	     0.142295
2018	05	19	     0.094185	     0.082228	     0.151679	     0.199509	     0.172482	     0.109746	     0.095987	     0.094185
2018	05	20	     0.106068	     0.108206	     0.190594	     0.228087	     0.128926	     0.106726	     0.061010	     0.070383
2018	05	21	     0.140377	     0.136204	     0.232015	     0.191788	     0.119680	     0.083959	     0.039226	     0.056752
2018	05	22	     0.175527	     0.164051	     0.259072	     0.137890	     0.111730	     0.066835	     0.029873	     0.055021
2018	05	23	     0.195077	     0.189513	     0.256618	     0.150228	     0.099815	     0.049739	     0.014669	     0.044343
2018	05	24	     0.229600	     0.206792	     0.228079	     0.144957	     0.101031	     0.042068	     0.009123	     0.038351
2018	05	25	     0.295482	     0.228483	     0.196873	     0.135716	     0.079024	     0.021818	     0.005326	     0.037279
2018	05	26	     0.349722	     0.245136	     0.164350	     0.129951	     0.056289	     0.013030	     0.003648	     0.037874
2018	05	27	     0.375870	     0.241818	     0.151288	     0.129701	     0.044916	     0.012883	     0.010272	     0.033252
2018	05	28	     0.403043	     0.255814	     0.159818	     0.105788	     0.027977	     0.013639	     0.006120	     0.027802
2018	05	29	     0.495088	     0.232720	     0.148955	     0.074478	     0.012681	     0.003751	     0.002858	     0.029470
2018	05	30	     0.565861	     0.202634	     0.137856	     0.044749	     0.010105	     0.008661	     0.005413	     0.024720
2018	05	31	     0.583785	     0.186529	     0.130372	     0.046046	     0.017696	     0.011376	     0.007403	     0.016793
