2017	12	01	     0.320251	     0.299058	     0.291994	     0.071429	     0.010989	     0.003140	     0.000000	     0.003140
2017	12	02	     0.304976	     0.173355	     0.360353	     0.142055	     0.013644	     0.001605	     0.000803	     0.003210
2017	12	03	     0.355196	     0.137990	     0.223169	     0.229131	     0.039182	     0.009370	     0.002555	     0.003407
2017	12	04	     0.318859	     0.251458	     0.215165	     0.186649	     0.020091	     0.005185	     0.000648	     0.001944
2017	12	05	     0.374711	     0.206120	     0.192841	     0.187644	     0.029446	     0.006351	     0.001155	     0.001732
2017	12	06	     0.390655	     0.238439	     0.186416	     0.150289	     0.026975	     0.004817	     0.000963	     0.001445
2017	12	07	     0.421825	     0.112792	     0.231545	     0.196699	     0.030261	     0.004127	     0.001376	     0.001376
2017	12	08	     0.493220	     0.088136	     0.119774	     0.196610	     0.048023	     0.017514	     0.013559	     0.023164
2017	12	09	     0.461432	     0.100764	     0.127172	     0.132731	     0.081306	     0.028492	     0.015983	     0.052120
2017	12	10	     0.461201	     0.126647	     0.101025	     0.100293	     0.078331	     0.045388	     0.018302	     0.068814
2017	12	11	     0.407407	     0.110438	     0.175084	     0.094276	     0.079461	     0.049158	     0.018182	     0.065993
2017	12	12	     0.409715	     0.131996	     0.193242	     0.089757	     0.072334	     0.035903	     0.017423	     0.049630
2017	12	13	     0.377277	     0.117953	     0.210755	     0.131396	     0.092801	     0.039029	     0.013443	     0.017346
2017	12	14	     0.400261	     0.117596	     0.136760	     0.161585	     0.086237	     0.043554	     0.024390	     0.029617
2017	12	15	     0.430804	     0.075000	     0.119643	     0.170536	     0.083036	     0.061607	     0.021429	     0.037946
2017	12	16	     0.355591	     0.126307	     0.132743	     0.193886	     0.092116	     0.052293	     0.016895	     0.030169
2017	12	17	     0.297056	     0.127097	     0.176295	     0.209094	     0.109206	     0.039508	     0.012672	     0.029072
2017	12	18	     0.271269	     0.106716	     0.188433	     0.227985	     0.113060	     0.039552	     0.023134	     0.029851
2017	12	19	     0.265950	     0.115118	     0.174064	     0.231623	     0.122746	     0.031553	     0.028779	     0.030166
2017	12	20	     0.354603	     0.118550	     0.125523	     0.171548	     0.115063	     0.028591	     0.034170	     0.051953
2017	12	21	     0.395325	     0.082317	     0.126016	     0.151423	     0.116531	     0.043699	     0.033875	     0.050813
2017	12	22	     0.362273	     0.110756	     0.155442	     0.113948	     0.131184	     0.045643	     0.028726	     0.052027
2017	12	23	     0.347737	     0.147854	     0.146384	     0.100235	     0.131099	     0.055262	     0.023810	     0.047619
2017	12	24	     0.305863	     0.159416	     0.156714	     0.110781	     0.154823	     0.058633	     0.026209	     0.027560
2017	12	25	     0.309547	     0.148563	     0.167316	     0.120555	     0.146371	     0.057477	     0.023380	     0.026790
2017	12	26	     0.317592	     0.148479	     0.188258	     0.140608	     0.119336	     0.046373	     0.016805	     0.022548
2017	12	27	     0.334168	     0.147427	     0.197533	     0.152052	     0.089805	     0.047023	     0.016381	     0.015610
2017	12	28	     0.321231	     0.176355	     0.203541	     0.142908	     0.086925	     0.042747	     0.011984	     0.014309
2017	12	29	     0.377122	     0.142906	     0.178887	     0.157671	     0.089443	     0.029192	     0.008486	     0.016293
2017	12	30	     0.429449	     0.120393	     0.109161	     0.176378	     0.086522	     0.040892	     0.013163	     0.024044
2017	12	31	     0.446005	     0.115189	     0.107989	     0.140474	     0.094644	     0.048464	     0.015101	     0.032133
2018	01	01	     0.474225	     0.126049	     0.080493	     0.101901	     0.097962	     0.061312	     0.019866	     0.038191
2018	01	02	     0.404892	     0.146578	     0.109625	     0.082527	     0.119479	     0.072145	     0.021995	     0.042759
2018	01	03	     0.387064	     0.133085	     0.143752	     0.081951	     0.113952	     0.071114	     0.028446	     0.040637
2018	01	04	     0.381410	     0.136483	     0.130287	     0.105190	     0.111077	     0.073122	     0.028195	     0.034237
2018	01	05	     0.432495	     0.127390	     0.109705	     0.083537	     0.118763	     0.073185	     0.023005	     0.031919
2018	01	06	     0.442361	     0.145356	     0.095016	     0.102567	     0.136169	     0.042160	     0.014724	     0.021646
2018	01	07	     0.381674	     0.168350	     0.126503	     0.156445	     0.103535	     0.031145	     0.013107	     0.019240
2018	01	08	     0.349841	     0.168451	     0.198800	     0.123750	     0.082931	     0.042113	     0.010469	     0.023644
2018	01	09	     0.327359	     0.172819	     0.225519	     0.108012	     0.069080	     0.056617	     0.013412	     0.027181
2018	01	10	     0.314306	     0.181419	     0.216201	     0.111740	     0.071643	     0.061706	     0.015600	     0.027386
2018	01	11	     0.292074	     0.153963	     0.243757	     0.133225	     0.071010	     0.059718	     0.020630	     0.025624
2018	01	12	     0.294111	     0.179065	     0.212594	     0.129715	     0.061924	     0.058676	     0.034367	     0.029547
2018	01	13	     0.302640	     0.162830	     0.198099	     0.132524	     0.065364	     0.055649	     0.044562	     0.038332
2018	01	14	     0.304642	     0.161012	     0.193693	     0.131349	     0.057556	     0.054122	     0.053289	     0.044338
2018	01	15	     0.328373	     0.216519	     0.152502	     0.122940	     0.034955	     0.039449	     0.041646	     0.063617
2018	01	16	     0.447644	     0.215651	     0.102897	     0.070731	     0.043061	     0.031907	     0.026891	     0.061219
2018	01	17	     0.468485	     0.222718	     0.107164	     0.051617	     0.037938	     0.033404	     0.019423	     0.059250
2018	01	18	     0.441754	     0.200530	     0.147872	     0.056025	     0.041123	     0.031380	     0.021421	     0.059894
2018	01	19	     0.401685	     0.178596	     0.193427	     0.066634	     0.044075	     0.031542	     0.022420	     0.061621
2018	01	20	     0.373001	     0.160781	     0.214897	     0.089040	     0.048502	     0.032900	     0.021868	     0.059012
2018	01	21	     0.329974	     0.148406	     0.222365	     0.128191	     0.063454	     0.031330	     0.020154	     0.056126
2018	01	22	     0.315372	     0.121122	     0.220959	     0.166200	     0.066830	     0.035398	     0.021169	     0.052951
2018	01	23	     0.297455	     0.104964	     0.196467	     0.206577	     0.079575	     0.039475	     0.023969	     0.051517
2018	01	24	     0.341326	     0.103588	     0.145446	     0.171599	     0.093924	     0.044818	     0.029476	     0.069824
2018	01	25	     0.390326	     0.103238	     0.117901	     0.135616	     0.086518	     0.046046	     0.025942	     0.094413
2018	01	26	     0.341600	     0.092403	     0.106596	     0.151714	     0.113394	     0.050796	     0.029133	     0.114365
2018	01	27	     0.327195	     0.069107	     0.115685	     0.166089	     0.117779	     0.058059	     0.030690	     0.115396
2018	01	28	     0.326973	     0.069022	     0.102517	     0.172418	     0.125051	     0.063337	     0.033360	     0.107322
2018	01	29	     0.317246	     0.084221	     0.114696	     0.152949	     0.125853	     0.064456	     0.036659	     0.103921
2018	01	30	     0.330355	     0.112644	     0.111174	     0.133906	     0.119882	     0.063786	     0.034947	     0.093305
2018	01	31	     0.328250	     0.110430	     0.115476	     0.122205	     0.121446	     0.071522	     0.036683	     0.093987
2018	02	01	     0.401059	     0.101535	     0.094124	     0.114770	     0.086236	     0.063049	     0.035098	     0.104129
2018	02	02	     0.405098	     0.090749	     0.127713	     0.087634	     0.081975	     0.059132	     0.036185	     0.111515
2018	02	03	     0.404186	     0.100892	     0.121156	     0.096886	     0.086826	     0.055881	     0.033567	     0.100606
2018	02	04	     0.393179	     0.107341	     0.103094	     0.129875	     0.099064	     0.051612	     0.030638	     0.085197
2018	02	05	     0.374645	     0.109392	     0.121090	     0.138029	     0.096596	     0.049110	     0.028638	     0.082501
2018	02	06	     0.376722	     0.117582	     0.124832	     0.135497	     0.091035	     0.044999	     0.028235	     0.081099
2018	02	07	     0.395595	     0.096442	     0.136312	     0.127148	     0.093190	     0.046262	     0.026087	     0.078964
2018	02	08	     0.406916	     0.081626	     0.110185	     0.123973	     0.107837	     0.052725	     0.029128	     0.087610
2018	02	09	     0.420795	     0.079439	     0.088576	     0.120460	     0.110895	     0.054320	     0.029979	     0.095536
2018	02	10	     0.427394	     0.073410	     0.081924	     0.125123	     0.113273	     0.056460	     0.030094	     0.092322
2018	02	11	     0.420413	     0.076911	     0.087263	     0.110092	     0.117689	     0.060104	     0.030938	     0.096591
2018	02	12	     0.430959	     0.069967	     0.082373	     0.089503	     0.119391	     0.063925	     0.035850	     0.108032
2018	02	13	     0.454684	     0.074303	     0.067912	     0.073025	     0.104404	     0.068036	     0.036286	     0.121351
2018	02	14	     0.457588	     0.069679	     0.063671	     0.071837	     0.101832	     0.067183	     0.036087	     0.132123
2018	02	15	     0.452070	     0.068926	     0.064939	     0.076943	     0.095394	     0.066211	     0.036944	     0.138573
2018	02	16	     0.428547	     0.072843	     0.078618	     0.079559	     0.088926	     0.068822	     0.039523	     0.143163
2018	02	17	     0.406505	     0.081740	     0.090226	     0.091444	     0.079547	     0.074268	     0.039550	     0.136720
2018	02	18	     0.381683	     0.081730	     0.093164	     0.108776	     0.082992	     0.077038	     0.040648	     0.133969
2018	02	19	     0.361697	     0.086003	     0.093024	     0.116707	     0.087255	     0.078450	     0.041407	     0.135456
2018	02	20	     0.337565	     0.094955	     0.105731	     0.100528	     0.099937	     0.079898	     0.041702	     0.139683
2018	02	21	     0.327213	     0.081723	     0.122351	     0.102951	     0.098397	     0.079069	     0.045397	     0.142898
2018	02	22	     0.324761	     0.069872	     0.126378	     0.108534	     0.096008	     0.073615	     0.053672	     0.147161
2018	02	23	     0.329113	     0.072791	     0.114724	     0.116547	     0.094230	     0.065667	     0.061380	     0.145548
2018	02	24	     0.310744	     0.086595	     0.118560	     0.121505	     0.084279	     0.064657	     0.065517	     0.148142
2018	02	25	     0.301847	     0.109899	     0.129903	     0.111462	     0.071734	     0.061295	     0.064358	     0.149501
2018	02	26	     0.312198	     0.121830	     0.133413	     0.095274	     0.070278	     0.054134	     0.067787	     0.145086
2018	02	27	     0.325491	     0.136106	     0.131128	     0.082537	     0.064074	     0.049922	     0.065492	     0.145251
2018	02	28	     0.309734	     0.131944	     0.145833	     0.080567	     0.061059	     0.049706	     0.066995	     0.154161
2018	03	01	     0.302699	     0.109292	     0.165284	     0.089609	     0.061542	     0.049732	     0.062619	     0.159223
2018	03	02	     0.308632	     0.098000	     0.158586	     0.100782	     0.063006	     0.048930	     0.058583	     0.163482
2018	03	03	     0.292743	     0.094213	     0.161555	     0.113485	     0.066599	     0.048758	     0.054182	     0.168465
2018	03	04	     0.273058	     0.093777	     0.162815	     0.130724	     0.067084	     0.050076	     0.051866	     0.170600
2018	03	05	     0.280761	     0.096060	     0.135994	     0.146097	     0.069100	     0.051234	     0.049585	     0.171169
2018	03	06	     0.305641	     0.091225	     0.115233	     0.120149	     0.080986	     0.054208	     0.050080	     0.182477
2018	03	07	     0.315420	     0.095307	     0.105004	     0.106475	     0.084602	     0.056574	     0.048402	     0.188217
2018	03	08	     0.323307	     0.097241	     0.100334	     0.090591	     0.083721	     0.061607	     0.049373	     0.193826
2018	03	09	     0.342206	     0.079744	     0.094998	     0.087945	     0.074761	     0.061914	     0.051362	     0.207070
2018	03	10	     0.339406	     0.064594	     0.091115	     0.089047	     0.086144	     0.065485	     0.049480	     0.214729
2018	03	11	     0.334247	     0.056734	     0.086719	     0.091591	     0.090920	     0.068926	     0.051396	     0.219467
2018	03	12	     0.341194	     0.059093	     0.077313	     0.078331	     0.082227	     0.066735	     0.059483	     0.235624
2018	03	13	     0.346994	     0.069257	     0.074841	     0.069080	     0.077559	     0.065770	     0.057084	     0.239415
2018	03	14	     0.337999	     0.080074	     0.082667	     0.080715	     0.092174	     0.075808	     0.053698	     0.196866
2018	03	15	     0.317674	     0.107592	     0.084562	     0.085650	     0.093986	     0.065548	     0.050827	     0.194162
2018	03	16	     0.282161	     0.120823	     0.116220	     0.089265	     0.083830	     0.056737	     0.053188	     0.197776
2018	03	17	     0.251594	     0.116080	     0.146042	     0.096124	     0.082738	     0.058246	     0.051209	     0.197966
2018	03	18	     0.264153	     0.122007	     0.151431	     0.099287	     0.075716	     0.056880	     0.040758	     0.189768
2018	03	19	     0.325580	     0.126920	     0.122226	     0.091533	     0.064334	     0.044906	     0.038438	     0.186064
2018	03	20	     0.356727	     0.133067	     0.109133	     0.080666	     0.057745	     0.043005	     0.038421	     0.181238
2018	03	21	     0.351016	     0.146686	     0.105192	     0.081858	     0.061462	     0.038455	     0.036420	     0.178911
2018	03	22	     0.389067	     0.121147	     0.096082	     0.081206	     0.058001	     0.037623	     0.037113	     0.179760
2018	03	23	     0.397076	     0.120229	     0.092274	     0.077883	     0.057278	     0.038142	     0.031360	     0.185759
2018	03	24	     0.393709	     0.125126	     0.092097	     0.076679	     0.059869	     0.035787	     0.029728	     0.187005
2018	03	25	     0.432013	     0.106138	     0.079216	     0.063229	     0.052053	     0.038258	     0.027698	     0.201396
2018	03	26	     0.422629	     0.108889	     0.088569	     0.067078	     0.059764	     0.038273	     0.027475	     0.187324
2018	03	27	     0.438903	     0.105551	     0.086878	     0.062594	     0.054365	     0.035264	     0.027463	     0.188983
2018	03	28	     0.444752	     0.104367	     0.083049	     0.060781	     0.049227	     0.033008	     0.025115	     0.199702
2018	03	29	     0.447109	     0.104630	     0.079631	     0.065270	     0.052757	     0.034564	     0.021221	     0.194818
2018	03	30	     0.447727	     0.107046	     0.084579	     0.065435	     0.049827	     0.032545	     0.021882	     0.190960
2018	03	31	     0.451326	     0.104657	     0.081025	     0.064411	     0.050960	     0.033016	     0.025254	     0.189351
2018	04	01	     0.457126	     0.104757	     0.081336	     0.064129	     0.046817	     0.034179	     0.025380	     0.186276
2018	04	02	     0.465263	     0.104147	     0.089489	     0.060552	     0.041244	     0.030200	     0.027370	     0.181733
2018	04	03	     0.479273	     0.105424	     0.083671	     0.053369	     0.041954	     0.030301	     0.029644	     0.176364
2018	04	04	     0.475473	     0.113951	     0.097540	     0.050424	     0.039026	     0.028430	     0.026801	     0.168355
2018	04	05	     0.473338	     0.118551	     0.087170	     0.049523	     0.039901	     0.030988	     0.029834	     0.170695
2018	04	06	     0.488401	     0.126148	     0.080241	     0.047370	     0.039800	     0.026379	     0.021889	     0.169772
2018	04	07	     0.512447	     0.125071	     0.071318	     0.042921	     0.033446	     0.025058	     0.019655	     0.170083
2018	04	08	     0.521321	     0.121885	     0.067081	     0.036602	     0.026273	     0.021815	     0.020319	     0.184704
2018	04	09	     0.511633	     0.127146	     0.067643	     0.037675	     0.025510	     0.020764	     0.020506	     0.189123
2018	04	10	     0.520763	     0.131595	     0.067265	     0.034317	     0.025794	     0.023837	     0.025039	     0.171389
2018	04	11	     0.535992	     0.127955	     0.061225	     0.027832	     0.026128	     0.025597	     0.029397	     0.165875
2018	04	12	     0.550572	     0.116970	     0.055221	     0.027639	     0.026621	     0.029024	     0.028882	     0.165070
2018	04	13	     0.564026	     0.108179	     0.050007	     0.026421	     0.026364	     0.032176	     0.026194	     0.166634
2018	04	14	     0.566243	     0.104489	     0.050082	     0.028054	     0.026238	     0.032667	     0.025920	     0.166306
2018	04	15	     0.555652	     0.106910	     0.050188	     0.027869	     0.028852	     0.035935	     0.026800	     0.167794
2018	04	16	     0.551979	     0.106903	     0.047927	     0.026762	     0.030173	     0.038307	     0.023934	     0.174013
2018	04	17	     0.557655	     0.107688	     0.044870	     0.029223	     0.031352	     0.037047	     0.026318	     0.165847
2018	04	18	     0.569569	     0.101975	     0.042394	     0.029546	     0.037910	     0.034289	     0.022792	     0.161527
2018	04	19	     0.593482	     0.088582	     0.036071	     0.029342	     0.035251	     0.030220	     0.022087	     0.164965
2018	04	20	     0.605938	     0.079856	     0.037141	     0.028139	     0.033057	     0.027572	     0.019405	     0.168892
2018	04	21	     0.622260	     0.075972	     0.032037	     0.025765	     0.024842	     0.023397	     0.015680	     0.180046
2018	04	22	     0.625312	     0.067777	     0.030740	     0.021294	     0.018015	     0.022592	     0.019314	     0.194956
2018	04	23	     0.628986	     0.068951	     0.030931	     0.021553	     0.017961	     0.024859	     0.022412	     0.184347
2018	04	24	     0.630431	     0.067133	     0.031577	     0.022032	     0.023909	     0.023456	     0.014300	     0.187162
2018	04	25	     0.634898	     0.066660	     0.029664	     0.019618	     0.020534	     0.017785	     0.014153	     0.196687
2018	04	26	     0.647743	     0.059906	     0.026938	     0.020282	     0.019097	     0.011849	     0.013556	     0.200627
2018	04	27	     0.647569	     0.057728	     0.023745	     0.017827	     0.016520	     0.012707	     0.014305	     0.209600
2018	04	28	     0.648216	     0.056592	     0.022539	     0.017271	     0.013283	     0.011589	     0.015202	     0.215307
2018	04	29	     0.647822	     0.056496	     0.023630	     0.014932	     0.012623	     0.013470	     0.015510	     0.215517
2018	04	30	     0.647425	     0.054505	     0.022926	     0.015134	     0.015921	     0.019929	     0.016370	     0.207792
2018	05	01	     0.640122	     0.045951	     0.030598	     0.025444	     0.028928	     0.015934	     0.020290	     0.192733
2018	05	02	     0.636647	     0.048410	     0.030984	     0.029256	     0.028805	     0.011192	     0.029519	     0.185188
2018	05	03	     0.643677	     0.045462	     0.026377	     0.028006	     0.022925	     0.010939	     0.043794	     0.178821
2018	05	04	     0.644513	     0.048794	     0.030103	     0.032188	     0.020108	     0.015937	     0.046157	     0.162200
2018	05	05	     0.647218	     0.041814	     0.028402	     0.030671	     0.017422	     0.022446	     0.042016	     0.170009
2018	05	06	     0.653890	     0.037455	     0.026014	     0.024761	     0.015700	     0.034239	     0.049063	     0.158879
2018	05	07	     0.654863	     0.032564	     0.024110	     0.023118	     0.020401	     0.043994	     0.052793	     0.148156
2018	05	08	     0.653044	     0.030413	     0.024730	     0.026162	     0.027507	     0.055143	     0.051673	     0.131329
2018	05	09	     0.656017	     0.032604	     0.029855	     0.024224	     0.035049	     0.052289	     0.045218	     0.124744
2018	05	10	     0.664304	     0.037324	     0.028083	     0.030326	     0.049527	     0.044054	     0.036786	     0.109596
2018	05	11	     0.660981	     0.037513	     0.030337	     0.034158	     0.049350	     0.041288	     0.034764	     0.111608
2018	05	12	     0.654468	     0.040420	     0.030497	     0.031900	     0.045939	     0.045164	     0.036693	     0.114919
2018	05	13	     0.648839	     0.041498	     0.031061	     0.032360	     0.046192	     0.046742	     0.036804	     0.116504
2018	05	14	     0.643088	     0.042996	     0.032568	     0.034777	     0.045667	     0.052242	     0.035136	     0.113525
2018	05	15	     0.637787	     0.048074	     0.035412	     0.042032	     0.046656	     0.054905	     0.030578	     0.104555
2018	05	16	     0.628776	     0.050736	     0.037837	     0.045308	     0.046920	     0.056487	     0.031710	     0.102225
2018	05	17	     0.618470	     0.064630	     0.046412	     0.058172	     0.063632	     0.044941	     0.035019	     0.068725
2018	05	18	     0.623142	     0.071218	     0.057037	     0.068002	     0.064787	     0.036426	     0.032630	     0.046758
2018	05	19	     0.615883	     0.085021	     0.066569	     0.071359	     0.059221	     0.037557	     0.032386	     0.032005
2018	05	20	     0.619995	     0.093342	     0.076954	     0.081490	     0.045310	     0.036974	     0.021266	     0.024668
2018	05	21	     0.629905	     0.098555	     0.091299	     0.070560	     0.043533	     0.030776	     0.014390	     0.020981
2018	05	22	     0.634983	     0.103515	     0.105454	     0.053825	     0.043164	     0.025782	     0.011760	     0.021517
2018	05	23	     0.638585	     0.114246	     0.103517	     0.060600	     0.040003	     0.019604	     0.005961	     0.017485
2018	05	24	     0.643846	     0.119321	     0.096848	     0.060948	     0.041954	     0.017324	     0.003896	     0.015863
2018	05	25	     0.665485	     0.127722	     0.085567	     0.058841	     0.033961	     0.009893	     0.002362	     0.016168
2018	05	26	     0.674880	     0.138471	     0.076045	     0.059592	     0.025978	     0.006062	     0.001653	     0.017319
2018	05	27	     0.684625	     0.134037	     0.072292	     0.061582	     0.021014	     0.006004	     0.004787	     0.015659
2018	05	28	     0.692183	     0.139646	     0.078934	     0.051856	     0.013965	     0.006812	     0.002980	     0.013624
2018	05	29	     0.737154	     0.124563	     0.075330	     0.037665	     0.006995	     0.001973	     0.001435	     0.014887
2018	05	30	     0.769094	     0.109391	     0.072181	     0.023874	     0.005316	     0.004476	     0.002891	     0.012776
2018	05	31	     0.774900	     0.101988	     0.070159	     0.024470	     0.009558	     0.006022	     0.003919	     0.008985
