2017	12	01	     0.000000	     0.000000	     0.000000	     0.000000	     0.000000	     0.000000	     0.000000	     0.000000
2017	12	02	     0.000000	     0.000000	     0.000000	     0.000000	     0.000000	     0.000000	     0.000000	     0.000000
2017	12	03	     0.000000	     0.000000	     0.000000	     0.000000	     0.000000	     0.000000	     0.000000	     0.000000
2017	12	04	     0.000000	     0.000000	     0.000000	     0.000000	     0.000000	     0.000000	     0.000000	     0.000000
2017	12	05	     0.000000	     0.000000	     0.000000	     0.000000	     0.000000	     0.000000	     0.000000	     0.000000
2017	12	06	     0.000000	     0.000000	     0.000000	     0.000000	     0.000000	     0.000000	     0.000000	     0.000000
2017	12	07	     0.000000	     0.000000	     0.000000	     0.000000	     0.000000	     0.000000	     0.000000	     0.000000
2017	12	08	     0.000000	     0.000000	     0.000000	     0.000000	     0.000000	     0.000000	     0.000000	     0.000000
2017	12	09	     0.000000	     0.000000	     0.000000	     0.000000	     0.000000	     0.000000	     0.000000	     0.000000
2017	12	10	     1.000000	     0.000000	     0.000000	     0.000000	     0.000000	     0.000000	     0.000000	     0.000000
2017	12	11	     0.956522	     0.043478	     0.000000	     0.000000	     0.000000	     0.000000	     0.000000	     0.000000
2017	12	12	     0.776786	     0.196429	     0.026786	     0.000000	     0.000000	     0.000000	     0.000000	     0.000000
2017	12	13	     0.723404	     0.117021	     0.159574	     0.000000	     0.000000	     0.000000	     0.000000	     0.000000
2017	12	14	     0.567308	     0.221154	     0.211538	     0.000000	     0.000000	     0.000000	     0.000000	     0.000000
2017	12	15	     0.548387	     0.177419	     0.209677	     0.064516	     0.000000	     0.000000	     0.000000	     0.000000
2017	12	16	     0.411290	     0.233871	     0.258065	     0.096774	     0.000000	     0.000000	     0.000000	     0.000000
2017	12	17	     0.209302	     0.302326	     0.418605	     0.069767	     0.000000	     0.000000	     0.000000	     0.000000
2017	12	18	     0.201835	     0.073394	     0.467890	     0.256881	     0.000000	     0.000000	     0.000000	     0.000000
2017	12	19	     0.136364	     0.100000	     0.381818	     0.354545	     0.027273	     0.000000	     0.000000	     0.000000
2017	12	20	     0.134921	     0.103175	     0.222222	     0.492063	     0.047619	     0.000000	     0.000000	     0.000000
2017	12	21	     0.177778	     0.059259	     0.162963	     0.511111	     0.088889	     0.000000	     0.000000	     0.000000
2017	12	22	     0.093750	     0.062500	     0.148437	     0.562500	     0.132812	     0.000000	     0.000000	     0.000000
2017	12	23	     0.125000	     0.073529	     0.117647	     0.485294	     0.198529	     0.000000	     0.000000	     0.000000
2017	12	24	     0.272727	     0.071429	     0.103896	     0.194805	     0.298701	     0.058442	     0.000000	     0.000000
2017	12	25	     0.288770	     0.149733	     0.106952	     0.064171	     0.315508	     0.042781	     0.032086	     0.000000
2017	12	26	     0.301980	     0.118812	     0.123762	     0.079208	     0.297030	     0.049505	     0.029703	     0.000000
2017	12	27	     0.217391	     0.097826	     0.141304	     0.119565	     0.298913	     0.086957	     0.038043	     0.000000
2017	12	28	     0.324675	     0.099567	     0.103896	     0.142857	     0.229437	     0.069264	     0.030303	     0.000000
2017	12	29	     0.416370	     0.053381	     0.120996	     0.135231	     0.209964	     0.064057	     0.000000	     0.000000
2017	12	30	     0.372470	     0.060729	     0.060729	     0.153846	     0.226721	     0.125506	     0.000000	     0.000000
2017	12	31	     0.375000	     0.048387	     0.056452	     0.145161	     0.217742	     0.157258	     0.000000	     0.000000
2018	01	01	     0.441860	     0.059801	     0.053156	     0.126246	     0.162791	     0.156146	     0.000000	     0.000000
2018	01	02	     0.389091	     0.050909	     0.090909	     0.101818	     0.170909	     0.181818	     0.014545	     0.000000
2018	01	03	     0.371429	     0.067857	     0.089286	     0.100000	     0.171429	     0.175000	     0.025000	     0.000000
2018	01	04	     0.433428	     0.113314	     0.082153	     0.087819	     0.121813	     0.138810	     0.022663	     0.000000
2018	01	05	     0.465517	     0.060345	     0.083333	     0.114943	     0.120690	     0.123563	     0.031609	     0.000000
2018	01	06	     0.461756	     0.084986	     0.070822	     0.121813	     0.135977	     0.082153	     0.042493	     0.000000
2018	01	07	     0.454545	     0.192905	     0.104213	     0.070953	     0.064302	     0.068736	     0.042129	     0.002217
2018	01	08	     0.680445	     0.106518	     0.027027	     0.044515	     0.042925	     0.052464	     0.033386	     0.012719
2018	01	09	     0.630312	     0.165722	     0.036827	     0.031161	     0.039660	     0.049575	     0.033994	     0.012748
2018	01	10	     0.675772	     0.127078	     0.052257	     0.024941	     0.033254	     0.041568	     0.032067	     0.013064
2018	01	11	     0.648623	     0.187085	     0.051282	     0.016144	     0.024691	     0.034188	     0.025641	     0.012346
2018	01	12	     0.546500	     0.178332	     0.153404	     0.022052	     0.021093	     0.039310	     0.023969	     0.015340
2018	01	13	     0.474813	     0.172575	     0.208022	     0.042910	     0.019590	     0.035448	     0.028918	     0.017724
2018	01	14	     0.409556	     0.147611	     0.275597	     0.069113	     0.020478	     0.030717	     0.028157	     0.018771
2018	01	15	     0.342616	     0.125738	     0.264135	     0.164557	     0.022785	     0.030380	     0.029536	     0.020253
2018	01	16	     0.439127	     0.118930	     0.127375	     0.163969	     0.065447	     0.032372	     0.029557	     0.023223
2018	01	17	     0.488939	     0.155984	     0.104368	     0.095292	     0.058990	     0.045377	     0.023823	     0.027226
2018	01	18	     0.452517	     0.148741	     0.124142	     0.100114	     0.076659	     0.038330	     0.029176	     0.030320
2018	01	19	     0.417756	     0.169935	     0.116558	     0.101307	     0.096405	     0.037037	     0.029956	     0.031046
2018	01	20	     0.396768	     0.204219	     0.124776	     0.104578	     0.092011	     0.034111	     0.023339	     0.020197
2018	01	21	     0.360015	     0.222427	     0.171892	     0.099225	     0.098857	     0.019181	     0.013279	     0.015124
2018	01	22	     0.318383	     0.161740	     0.255522	     0.135236	     0.088005	     0.016650	     0.011893	     0.012572
2018	01	23	     0.291131	     0.104517	     0.280910	     0.168480	     0.109792	     0.021761	     0.010880	     0.012529
2018	01	24	     0.356330	     0.108624	     0.161835	     0.150826	     0.120000	     0.042569	     0.019817	     0.040000
2018	01	25	     0.463820	     0.121348	     0.077753	     0.083146	     0.066517	     0.068315	     0.032360	     0.086742
2018	01	26	     0.494450	     0.059536	     0.064581	     0.088799	     0.076186	     0.068618	     0.032291	     0.115540
2018	01	27	     0.477551	     0.067857	     0.065306	     0.084184	     0.081122	     0.059694	     0.040306	     0.123980
2018	01	28	     0.503214	     0.079431	     0.055096	     0.078512	     0.073462	     0.058310	     0.040404	     0.111570
2018	01	29	     0.520868	     0.070952	     0.057596	     0.078047	     0.073456	     0.060518	     0.037563	     0.101002
2018	01	30	     0.508065	     0.106774	     0.071613	     0.077419	     0.086452	     0.050645	     0.031290	     0.067742
2018	01	31	     0.415959	     0.085862	     0.166566	     0.088592	     0.084648	     0.057646	     0.043083	     0.057646
2018	02	01	     0.436310	     0.063033	     0.119501	     0.087656	     0.096520	     0.077150	     0.043007	     0.076822
2018	02	02	     0.405729	     0.061639	     0.109137	     0.109862	     0.100435	     0.059463	     0.045685	     0.108049
2018	02	03	     0.364735	     0.077161	     0.129222	     0.119926	     0.118376	     0.070344	     0.053920	     0.066315
2018	02	04	     0.298496	     0.113688	     0.124395	     0.172317	     0.164415	     0.055825	     0.037471	     0.033393
2018	02	05	     0.242482	     0.194711	     0.220943	     0.145020	     0.108978	     0.042013	     0.019834	     0.026018
2018	02	06	     0.225977	     0.230863	     0.232695	     0.150244	     0.081637	     0.031352	     0.016694	     0.030537
2018	02	07	     0.283196	     0.140597	     0.243140	     0.159023	     0.100741	     0.032245	     0.014220	     0.026838
2018	02	08	     0.350877	     0.131896	     0.151342	     0.144790	     0.113718	     0.051575	     0.018812	     0.036990
2018	02	09	     0.333333	     0.103663	     0.122322	     0.170237	     0.127390	     0.066344	     0.027643	     0.049067
2018	02	10	     0.288801	     0.078532	     0.121283	     0.211896	     0.142193	     0.086431	     0.026255	     0.044610
2018	02	11	     0.289909	     0.082032	     0.085761	     0.199720	     0.166395	     0.095316	     0.029131	     0.051736
2018	02	12	     0.351711	     0.060836	     0.064401	     0.149715	     0.166350	     0.100760	     0.038023	     0.068203
2018	02	13	     0.388273	     0.052230	     0.073663	     0.115299	     0.134023	     0.107169	     0.044839	     0.084504
2018	02	14	     0.338735	     0.053842	     0.088866	     0.095923	     0.157083	     0.114219	     0.054888	     0.096445
2018	02	15	     0.294673	     0.057728	     0.115193	     0.080294	     0.170297	     0.117554	     0.063238	     0.101023
2018	02	16	     0.287080	     0.048320	     0.123773	     0.078295	     0.165116	     0.122481	     0.070026	     0.104910
2018	02	17	     0.263866	     0.073799	     0.121606	     0.113019	     0.158273	     0.109306	     0.073567	     0.086563
2018	02	18	     0.192702	     0.069099	     0.137742	     0.158723	     0.177195	     0.108096	     0.083694	     0.072748
2018	02	19	     0.141515	     0.090288	     0.134258	     0.203202	     0.177801	     0.106724	     0.080256	     0.065955
2018	02	20	     0.085475	     0.099755	     0.177275	     0.212974	     0.174623	     0.104243	     0.076703	     0.068951
2018	02	21	     0.052600	     0.050793	     0.219434	     0.247139	     0.168440	     0.110420	     0.079703	     0.071472
2018	02	22	     0.061740	     0.023128	     0.195022	     0.274402	     0.167777	     0.116621	     0.080165	     0.081145
2018	02	23	     0.059930	     0.043832	     0.142746	     0.293832	     0.173778	     0.112490	     0.087277	     0.086113
2018	02	24	     0.047188	     0.054892	     0.135786	     0.291410	     0.169684	     0.117296	     0.095532	     0.088213
2018	02	25	     0.043790	     0.063986	     0.179313	     0.234051	     0.164968	     0.122310	     0.096829	     0.094753
2018	02	26	     0.033557	     0.108315	     0.197054	     0.167972	     0.162938	     0.135160	     0.102163	     0.092841
2018	02	27	     0.045329	     0.101898	     0.225355	     0.159388	     0.142252	     0.140778	     0.097476	     0.087525
2018	02	28	     0.039786	     0.093203	     0.250875	     0.162829	     0.132805	     0.135752	     0.104808	     0.079941
2018	03	01	     0.033321	     0.065722	     0.255155	     0.186303	     0.133468	     0.146171	     0.104013	     0.075847
2018	03	02	     0.030085	     0.057586	     0.203027	     0.238095	     0.148948	     0.150794	     0.101513	     0.069952
2018	03	03	     0.038853	     0.041073	     0.175578	     0.259759	     0.158002	     0.153191	     0.106383	     0.067160
2018	03	04	     0.033999	     0.039172	     0.145233	     0.284738	     0.155395	     0.163156	     0.108093	     0.070214
2018	03	05	     0.045480	     0.038824	     0.093363	     0.290072	     0.173784	     0.176003	     0.113330	     0.069144
2018	03	06	     0.077565	     0.050825	     0.085530	     0.199317	     0.214868	     0.171439	     0.131045	     0.069410
2018	03	07	     0.111198	     0.062561	     0.064326	     0.168857	     0.200039	     0.179055	     0.131987	     0.081977
2018	03	08	     0.124900	     0.061253	     0.080207	     0.148244	     0.176975	     0.195132	     0.129489	     0.083799
2018	03	09	     0.187243	     0.051029	     0.071193	     0.118107	     0.122840	     0.182510	     0.142593	     0.124486
2018	03	10	     0.192218	     0.027642	     0.066341	     0.092919	     0.140549	     0.184988	     0.157134	     0.138210
2018	03	11	     0.185322	     0.021777	     0.056185	     0.081228	     0.138284	     0.194251	     0.174869	     0.148084
2018	03	12	     0.181593	     0.021152	     0.041404	     0.083708	     0.139514	     0.179118	     0.180918	     0.172592
2018	03	13	     0.204535	     0.018141	     0.024717	     0.081406	     0.129025	     0.168254	     0.175283	     0.198639
2018	03	14	     0.093810	     0.070883	     0.093237	     0.123806	     0.181888	     0.214941	     0.178449	     0.042988
2018	03	15	     0.103614	     0.123525	     0.098267	     0.128319	     0.172013	     0.177913	     0.140302	     0.056047
2018	03	16	     0.061434	     0.162663	     0.152210	     0.111315	     0.150559	     0.132771	     0.132588	     0.096461
2018	03	17	     0.043813	     0.146654	     0.207699	     0.098992	     0.140238	     0.132906	     0.116040	     0.113657
2018	03	18	     0.067461	     0.168653	     0.209533	     0.072961	     0.080843	     0.137122	     0.152337	     0.111091
2018	03	19	     0.141990	     0.161118	     0.178407	     0.066029	     0.052786	     0.118816	     0.153026	     0.127828
2018	03	20	     0.179044	     0.162684	     0.153125	     0.058272	     0.054779	     0.095037	     0.143934	     0.153125
2018	03	21	     0.066178	     0.276444	     0.149404	     0.063245	     0.063978	     0.081027	     0.151604	     0.148121
2018	03	22	     0.073327	     0.232631	     0.168469	     0.085426	     0.061778	     0.082860	     0.158570	     0.136939
2018	03	23	     0.174065	     0.235402	     0.128016	     0.061153	     0.041076	     0.058943	     0.110149	     0.191195
2018	03	24	     0.112986	     0.244864	     0.145818	     0.075202	     0.064197	     0.075202	     0.108401	     0.173331
2018	03	25	     0.218055	     0.174297	     0.131274	     0.078875	     0.058099	     0.065269	     0.081265	     0.192866
2018	03	26	     0.254468	     0.156624	     0.117560	     0.067809	     0.067441	     0.063387	     0.077759	     0.194951
2018	03	27	     0.324571	     0.140000	     0.094667	     0.049143	     0.036571	     0.049143	     0.082286	     0.223619
2018	03	28	     0.361653	     0.138058	     0.061402	     0.055609	     0.031666	     0.031666	     0.063526	     0.256420
2018	03	29	     0.363636	     0.117705	     0.065899	     0.059547	     0.032156	     0.032553	     0.056967	     0.271536
2018	03	30	     0.342781	     0.120452	     0.053428	     0.072003	     0.059939	     0.056109	     0.064535	     0.230754
2018	03	31	     0.333333	     0.109666	     0.058225	     0.082721	     0.066893	     0.060675	     0.082156	     0.206331
2018	04	01	     0.301081	     0.118195	     0.071775	     0.092282	     0.076063	     0.074571	     0.087435	     0.178598
2018	04	02	     0.298934	     0.110862	     0.106375	     0.107497	     0.066555	     0.054777	     0.090484	     0.164517
2018	04	03	     0.379176	     0.084978	     0.085564	     0.058605	     0.058605	     0.062708	     0.097675	     0.172690
2018	04	04	     0.362211	     0.087780	     0.099254	     0.064831	     0.071715	     0.074584	     0.104226	     0.135399
2018	04	05	     0.338900	     0.112404	     0.102646	     0.078063	     0.078063	     0.075812	     0.094765	     0.119347
2018	04	06	     0.355424	     0.121622	     0.102925	     0.088116	     0.069049	     0.059793	     0.068493	     0.134580
2018	04	07	     0.384995	     0.122887	     0.088889	     0.078063	     0.062298	     0.056790	     0.070465	     0.135613
2018	04	08	     0.394366	     0.134945	     0.091549	     0.073848	     0.045489	     0.049105	     0.072516	     0.138180
2018	04	09	     0.399315	     0.137609	     0.091169	     0.076513	     0.040731	     0.045299	     0.069281	     0.140084
2018	04	10	     0.387437	     0.138048	     0.109084	     0.064510	     0.054918	     0.048900	     0.085951	     0.111153
2018	04	11	     0.416869	     0.135403	     0.089396	     0.057976	     0.055171	     0.063400	     0.100430	     0.081354
2018	04	12	     0.417215	     0.127796	     0.085886	     0.062582	     0.060139	     0.088329	     0.091712	     0.066341
2018	04	13	     0.430158	     0.120482	     0.079819	     0.064571	     0.069842	     0.102974	     0.070783	     0.061370
2018	04	14	     0.410644	     0.138375	     0.093184	     0.075257	     0.071522	     0.096545	     0.065173	     0.049300
2018	04	15	     0.404744	     0.161045	     0.092291	     0.068199	     0.073388	     0.093032	     0.063380	     0.043921
2018	04	16	     0.407722	     0.169222	     0.089599	     0.065952	     0.067246	     0.099021	     0.058378	     0.042860
2018	04	17	     0.416162	     0.172084	     0.085767	     0.063728	     0.080992	     0.090542	     0.050138	     0.040588
2018	04	18	     0.433548	     0.157327	     0.085006	     0.074404	     0.105831	     0.078947	     0.033699	     0.031238
2018	04	19	     0.477654	     0.123903	     0.086193	     0.082801	     0.096169	     0.058460	     0.036712	     0.038109
2018	04	20	     0.503577	     0.108931	     0.098508	     0.090129	     0.076231	     0.047006	     0.037605	     0.038013
2018	04	21	     0.539965	     0.119236	     0.091348	     0.081028	     0.046113	     0.036891	     0.039087	     0.046333
2018	04	22	     0.554843	     0.107469	     0.098595	     0.055460	     0.041163	     0.050283	     0.047079	     0.045107
2018	04	23	     0.548849	     0.124706	     0.085721	     0.064115	     0.047205	     0.060827	     0.040864	     0.027713
2018	04	24	     0.507559	     0.160516	     0.099822	     0.074478	     0.080480	     0.058026	     0.014229	     0.004891
2018	04	25	     0.531971	     0.162602	     0.091848	     0.071413	     0.076027	     0.054494	     0.006372	     0.005274
2018	04	26	     0.567683	     0.142985	     0.088525	     0.079337	     0.076647	     0.028238	     0.006499	     0.010085
2018	04	27	     0.614973	     0.149268	     0.072541	     0.060684	     0.056033	     0.019065	     0.008138	     0.019298
2018	04	28	     0.650047	     0.147684	     0.064981	     0.053875	     0.039225	     0.008979	     0.007798	     0.027410
2018	04	29	     0.663220	     0.150411	     0.064865	     0.044183	     0.029612	     0.012221	     0.010106	     0.025382
2018	04	30	     0.650000	     0.146948	     0.069249	     0.053521	     0.041080	     0.015728	     0.015962	     0.007512
2018	05	01	     0.640518	     0.138699	     0.102547	     0.064347	     0.038881	     0.012051	     0.002501	     0.000455
2018	05	02	     0.658832	     0.143314	     0.093793	     0.057736	     0.037654	     0.005933	     0.001597	     0.001141
2018	05	03	     0.696892	     0.140538	     0.080241	     0.045455	     0.020176	     0.006957	     0.003015	     0.006725
2018	05	04	     0.715664	     0.145613	     0.072118	     0.043179	     0.011024	     0.005512	     0.002526	     0.004364
2018	05	05	     0.772134	     0.114170	     0.055780	     0.028009	     0.014004	     0.005459	     0.003798	     0.006646
2018	05	06	     0.797943	     0.094538	     0.047024	     0.031349	     0.013470	     0.005143	     0.001959	     0.008572
2018	05	07	     0.822375	     0.082569	     0.038991	     0.027523	     0.011468	     0.004587	     0.001529	     0.010958
2018	05	08	     0.825195	     0.074286	     0.040779	     0.030130	     0.011948	     0.010130	     0.004416	     0.003117
2018	05	09	     0.814407	     0.082041	     0.052276	     0.033517	     0.012756	     0.003502	     0.001001	     0.000500
2018	05	10	     0.822494	     0.096577	     0.049633	     0.021027	     0.005379	     0.002200	     0.001222	     0.001467
2018	05	11	     0.835945	     0.094270	     0.047013	     0.012488	     0.005142	     0.002204	     0.001469	     0.001469
2018	05	12	     0.839168	     0.095961	     0.046756	     0.008323	     0.004406	     0.002938	     0.001224	     0.001224
2018	05	13	     0.843996	     0.094980	     0.044783	     0.007136	     0.003937	     0.002953	     0.001230	     0.000984
2018	05	14	     0.854618	     0.089370	     0.040578	     0.006472	     0.004232	     0.002489	     0.001245	     0.000996
2018	05	15	     0.858591	     0.092499	     0.034465	     0.006336	     0.004562	     0.001267	     0.001267	     0.001014
2018	05	16	     0.870186	     0.087733	     0.028309	     0.007396	     0.002805	     0.002040	     0.000255	     0.001275
2018	05	17	     0.876451	     0.085633	     0.025277	     0.006964	     0.002063	     0.001290	     0.000516	     0.001806
2018	05	18	     0.880734	     0.088175	     0.022936	     0.003313	     0.002548	     0.001529	     0.000765	     0.000000
2018	05	19	     0.894585	     0.087366	     0.015694	     0.001308	     0.000262	     0.000262	     0.000000	     0.000523
2018	05	20	     0.903341	     0.084885	     0.010131	     0.000821	     0.000274	     0.000000	     0.000274	     0.000274
2018	05	21	     0.915141	     0.075559	     0.006975	     0.001162	     0.000872	     0.000291	     0.000000	     0.000000
2018	05	22	     0.925590	     0.066243	     0.004840	     0.002117	     0.000907	     0.000302	     0.000000	     0.000000
2018	05	23	     0.945283	     0.047484	     0.003774	     0.002830	     0.000314	     0.000000	     0.000314	     0.000000
2018	05	24	     0.960132	     0.035585	     0.002965	     0.000988	     0.000329	     0.000000	     0.000000	     0.000000
2018	05	25	     0.965153	     0.031679	     0.001760	     0.001408	     0.000000	     0.000000	     0.000000	     0.000000
2018	05	26	     0.970688	     0.026306	     0.002255	     0.000376	     0.000376	     0.000000	     0.000000	     0.000000
2018	05	27	     0.982793	     0.014806	     0.001601	     0.000800	     0.000000	     0.000000	     0.000000	     0.000000
2018	05	28	     0.991725	     0.006098	     0.001742	     0.000436	     0.000000	     0.000000	     0.000000	     0.000000
2018	05	29	     0.993596	     0.005032	     0.000915	     0.000457	     0.000000	     0.000000	     0.000000	     0.000000
2018	05	30	     0.993056	     0.005456	     0.000992	     0.000496	     0.000000	     0.000000	     0.000000	     0.000000
2018	05	31	     0.995825	     0.003132	     0.000522	     0.000522	     0.000000	     0.000000	     0.000000	     0.000000
