2017	12	01	     0.334917	     0.316706	     0.311956	     0.031671	     0.004751	     0.000000	     0.000000	     0.000000
2017	12	02	     0.307820	     0.188852	     0.407654	     0.084859	     0.010815	     0.000000	     0.000000	     0.000000
2017	12	03	     0.318436	     0.162942	     0.361266	     0.141527	     0.015829	     0.000000	     0.000000	     0.000000
2017	12	04	     0.283626	     0.312135	     0.304825	     0.089912	     0.009503	     0.000000	     0.000000	     0.000000
2017	12	05	     0.287739	     0.236003	     0.300496	     0.164422	     0.011339	     0.000000	     0.000000	     0.000000
2017	12	06	     0.257213	     0.311234	     0.265193	     0.151627	     0.014733	     0.000000	     0.000000	     0.000000
2017	12	07	     0.268513	     0.166767	     0.412402	     0.136063	     0.014449	     0.001806	     0.000000	     0.000000
2017	12	08	     0.301314	     0.165846	     0.364532	     0.146141	     0.017241	     0.004926	     0.000000	     0.000000
2017	12	09	     0.315257	     0.180147	     0.370404	     0.110294	     0.016544	     0.007353	     0.000000	     0.000000
2017	12	10	     0.278278	     0.216216	     0.370370	     0.107107	     0.019019	     0.009009	     0.000000	     0.000000
2017	12	11	     0.210000	     0.180909	     0.448182	     0.129091	     0.023636	     0.008182	     0.000000	     0.000000
2017	12	12	     0.259053	     0.173398	     0.425487	     0.115599	     0.019499	     0.006267	     0.000696	     0.000000
2017	12	13	     0.272626	     0.280400	     0.397557	     0.028318	     0.012215	     0.007773	     0.001110	     0.000000
2017	12	14	     0.294761	     0.179044	     0.382844	     0.120898	     0.010938	     0.009787	     0.001727	     0.000000
2017	12	15	     0.273964	     0.123686	     0.391466	     0.184292	     0.010513	     0.014224	     0.001855	     0.000000
2017	12	16	     0.234133	     0.182400	     0.383467	     0.171733	     0.014400	     0.010667	     0.003200	     0.000000
2017	12	17	     0.210934	     0.165457	     0.394291	     0.196904	     0.018384	     0.010160	     0.003870	     0.000000
2017	12	18	     0.208546	     0.149559	     0.371110	     0.230841	     0.026010	     0.008360	     0.005574	     0.000000
2017	12	19	     0.224255	     0.148936	     0.342979	     0.231915	     0.037021	     0.007660	     0.006809	     0.000426
2017	12	20	     0.290745	     0.152144	     0.263657	     0.208126	     0.067269	     0.009029	     0.008126	     0.000903
2017	12	21	     0.337059	     0.108628	     0.252570	     0.194904	     0.086276	     0.009388	     0.009835	     0.001341
2017	12	22	     0.307951	     0.187211	     0.212453	     0.167438	     0.100126	     0.013883	     0.009676	     0.001262
2017	12	23	     0.301172	     0.193359	     0.222656	     0.166016	     0.092969	     0.013281	     0.009375	     0.001172
2017	12	24	     0.220534	     0.230912	     0.297628	     0.144922	     0.081913	     0.012973	     0.007413	     0.003706
2017	12	25	     0.220199	     0.177602	     0.352456	     0.130196	     0.093782	     0.013397	     0.008245	     0.004122
2017	12	26	     0.228905	     0.192390	     0.354403	     0.129794	     0.070267	     0.011660	     0.007364	     0.005216
2017	12	27	     0.265017	     0.204394	     0.335095	     0.119299	     0.052002	     0.010289	     0.008065	     0.005840
2017	12	28	     0.230811	     0.232157	     0.363857	     0.105036	     0.043361	     0.009965	     0.008618	     0.006194
2017	12	29	     0.297521	     0.204029	     0.336777	     0.103822	     0.033574	     0.008781	     0.009298	     0.006198
2017	12	30	     0.359599	     0.161928	     0.251557	     0.158137	     0.044408	     0.007582	     0.009207	     0.007582
2017	12	31	     0.352165	     0.148552	     0.222541	     0.191855	     0.057356	     0.008030	     0.008890	     0.010611
2018	01	01	     0.367883	     0.131095	     0.212847	     0.190073	     0.068905	     0.008467	     0.008759	     0.011971
2018	01	02	     0.282281	     0.187609	     0.233642	     0.177765	     0.087145	     0.010133	     0.007817	     0.013607
2018	01	03	     0.271271	     0.166575	     0.256077	     0.170994	     0.099171	     0.014088	     0.007459	     0.014365
2018	01	04	     0.227020	     0.179868	     0.272848	     0.179073	     0.101192	     0.018543	     0.007152	     0.014305
2018	01	05	     0.271037	     0.183120	     0.238382	     0.190907	     0.084652	     0.011052	     0.006531	     0.014318
2018	01	06	     0.269307	     0.229033	     0.265103	     0.157778	     0.050232	     0.009515	     0.005532	     0.013499
2018	01	07	     0.206356	     0.319492	     0.321186	     0.092373	     0.032415	     0.009746	     0.004661	     0.013771
2018	01	08	     0.244365	     0.276481	     0.342111	     0.069420	     0.040096	     0.009376	     0.004788	     0.013365
2018	01	09	     0.295642	     0.226915	     0.289883	     0.112498	     0.046074	     0.010367	     0.005375	     0.013246
2018	01	10	     0.275503	     0.226173	     0.258004	     0.158600	     0.048958	     0.014334	     0.005026	     0.013403
2018	01	11	     0.246226	     0.159597	     0.328001	     0.178469	     0.051042	     0.017074	     0.006650	     0.012940
2018	01	12	     0.233806	     0.162570	     0.317603	     0.173336	     0.066930	     0.025480	     0.006998	     0.013278
2018	01	13	     0.171120	     0.139663	     0.346598	     0.197840	     0.088497	     0.033731	     0.007580	     0.014971
2018	01	14	     0.148029	     0.181972	     0.324910	     0.188195	     0.097303	     0.035640	     0.008674	     0.015274
2018	01	15	     0.208219	     0.307283	     0.220510	     0.145661	     0.060906	     0.034489	     0.007338	     0.015593
2018	01	16	     0.353095	     0.258650	     0.190574	     0.099682	     0.040771	     0.029175	     0.011782	     0.016271
2018	01	17	     0.318749	     0.252159	     0.235847	     0.088275	     0.048935	     0.025331	     0.013625	     0.017079
2018	01	18	     0.277480	     0.242053	     0.276331	     0.093451	     0.054960	     0.025469	     0.012256	     0.018001
2018	01	19	     0.213166	     0.249124	     0.313848	     0.108058	     0.057348	     0.028582	     0.011802	     0.018071
2018	01	20	     0.177950	     0.198105	     0.370198	     0.139018	     0.054780	     0.029113	     0.013264	     0.017571
2018	01	21	     0.102210	     0.179990	     0.404188	     0.197274	     0.054180	     0.028586	     0.016121	     0.017451
2018	01	22	     0.066250	     0.143350	     0.414762	     0.246260	     0.063784	     0.030413	     0.017426	     0.017754
2018	01	23	     0.040203	     0.085308	     0.427848	     0.296454	     0.082203	     0.034156	     0.016016	     0.017813
2018	01	24	     0.049266	     0.129038	     0.344698	     0.313866	     0.089723	     0.044861	     0.010440	     0.018108
2018	01	25	     0.077161	     0.169168	     0.360359	     0.238825	     0.086623	     0.030832	     0.020392	     0.016639
2018	01	26	     0.046982	     0.202773	     0.342904	     0.237031	     0.101468	     0.030016	     0.022349	     0.016476
2018	01	27	     0.030343	     0.123491	     0.361664	     0.297064	     0.114845	     0.035237	     0.020392	     0.016966
2018	01	28	     0.020555	     0.081077	     0.338173	     0.350245	     0.125775	     0.043067	     0.023654	     0.017455
2018	01	29	     0.009135	     0.067374	     0.321697	     0.363622	     0.145514	     0.048940	     0.025612	     0.018108
2018	01	30	     0.001958	     0.046003	     0.303589	     0.384502	     0.161664	     0.056770	     0.026427	     0.019086
2018	01	31	     0.000163	     0.029364	     0.252692	     0.411582	     0.189396	     0.066721	     0.029527	     0.020555
2018	02	01	     0.010767	     0.076835	     0.245188	     0.372268	     0.165742	     0.075856	     0.032300	     0.021044
2018	02	02	     0.007504	     0.075856	     0.353344	     0.289233	     0.138825	     0.082219	     0.031158	     0.021860
2018	02	03	     0.006525	     0.061501	     0.369005	     0.291028	     0.135400	     0.080424	     0.031321	     0.024796
2018	02	04	     0.001305	     0.048450	     0.323817	     0.344698	     0.142904	     0.080750	     0.031321	     0.026754
2018	02	05	     0.000326	     0.016803	     0.251223	     0.415171	     0.167537	     0.085644	     0.032300	     0.030995
2018	02	06	     0.001468	     0.030506	     0.163948	     0.459380	     0.180424	     0.090538	     0.037520	     0.036215
2018	02	07	     0.001468	     0.029038	     0.128548	     0.456770	     0.210604	     0.091191	     0.042741	     0.039641
2018	02	08	     0.001794	     0.019739	     0.091028	     0.439804	     0.262643	     0.095922	     0.047798	     0.041272
2018	02	09	     0.015171	     0.049592	     0.084502	     0.366395	     0.288907	     0.102447	     0.050897	     0.042088
2018	02	10	     0.021044	     0.061501	     0.116803	     0.337357	     0.268515	     0.097064	     0.054976	     0.042741
2018	02	11	     0.007341	     0.055954	     0.138989	     0.302121	     0.293475	     0.096737	     0.061011	     0.044372
2018	02	12	     0.007830	     0.041925	     0.129364	     0.257749	     0.335889	     0.113703	     0.065742	     0.047798
2018	02	13	     0.016313	     0.051387	     0.105220	     0.236052	     0.349918	     0.117781	     0.073083	     0.050245
2018	02	14	     0.028874	     0.060685	     0.113214	     0.248450	     0.311909	     0.116803	     0.066884	     0.053181
2018	02	15	     0.026264	     0.073899	     0.128059	     0.256444	     0.293638	     0.104568	     0.063458	     0.053670
2018	02	16	     0.004568	     0.062969	     0.145677	     0.257749	     0.295595	     0.108809	     0.067210	     0.057423
2018	02	17	     0.000816	     0.032953	     0.131974	     0.266395	     0.311909	     0.124633	     0.070147	     0.061175
2018	02	18	     0.000653	     0.027080	     0.099184	     0.251713	     0.346166	     0.135073	     0.074715	     0.065416
2018	02	19	     0.000326	     0.027732	     0.068679	     0.218434	     0.372104	     0.166558	     0.081566	     0.064600
2018	02	20	     0.000326	     0.036052	     0.064274	     0.156281	     0.401631	     0.189233	     0.082545	     0.069657
2018	02	21	     0.000000	     0.023817	     0.074062	     0.115171	     0.361990	     0.255628	     0.087602	     0.081729
2018	02	22	     0.000000	     0.016966	     0.074715	     0.098042	     0.308483	     0.306688	     0.099021	     0.096085
2018	02	23	     0.000489	     0.018434	     0.072104	     0.092659	     0.255791	     0.337194	     0.116150	     0.107178
2018	02	24	     0.000489	     0.019576	     0.075041	     0.086786	     0.195759	     0.361501	     0.142414	     0.118434
2018	02	25	     0.002284	     0.033279	     0.092659	     0.079772	     0.141272	     0.374062	     0.160033	     0.116639
2018	02	26	     0.004405	     0.038173	     0.137684	     0.081892	     0.118597	     0.337357	     0.164111	     0.117781
2018	02	27	     0.000653	     0.024144	     0.155302	     0.097716	     0.112235	     0.315171	     0.172757	     0.122023
2018	02	28	     0.000979	     0.013866	     0.119576	     0.123654	     0.107341	     0.301631	     0.204078	     0.128874
2018	03	01	     0.001631	     0.022349	     0.085808	     0.132300	     0.099347	     0.282545	     0.234258	     0.141762
2018	03	02	     0.000816	     0.010767	     0.068515	     0.152039	     0.090212	     0.256444	     0.260848	     0.160359
2018	03	03	     0.000816	     0.009625	     0.051387	     0.160685	     0.088581	     0.230506	     0.281892	     0.176509
2018	03	04	     0.001794	     0.014356	     0.042251	     0.156117	     0.099837	     0.204241	     0.292985	     0.188418
2018	03	05	     0.002447	     0.021533	     0.042251	     0.145514	     0.097716	     0.178467	     0.307015	     0.205057
2018	03	06	     0.001631	     0.019902	     0.049103	     0.128222	     0.101468	     0.157586	     0.318597	     0.223491
2018	03	07	     0.002610	     0.023980	     0.060522	     0.105873	     0.101468	     0.141272	     0.320392	     0.243883
2018	03	08	     0.000979	     0.017129	     0.064274	     0.098695	     0.106199	     0.125122	     0.319250	     0.268352
2018	03	09	     0.001305	     0.013703	     0.061664	     0.096900	     0.105710	     0.123328	     0.304405	     0.292985
2018	03	10	     0.002121	     0.014519	     0.059869	     0.090538	     0.106199	     0.109299	     0.308646	     0.308809
2018	03	11	     0.001142	     0.015824	     0.056281	     0.089560	     0.100000	     0.107015	     0.304894	     0.325285
2018	03	12	     0.000816	     0.014845	     0.051876	     0.086297	     0.101958	     0.105710	     0.291191	     0.347308
2018	03	13	     0.001468	     0.026264	     0.062316	     0.090375	     0.095432	     0.095269	     0.306688	     0.322186
2018	03	14	     0.023817	     0.061664	     0.082545	     0.076835	     0.086297	     0.090212	     0.273246	     0.305383
2018	03	15	     0.017945	     0.057423	     0.134910	     0.073083	     0.088091	     0.076672	     0.212072	     0.339804
2018	03	16	     0.007830	     0.052365	     0.153018	     0.083850	     0.084339	     0.069821	     0.171778	     0.376998
2018	03	17	     0.000326	     0.031321	     0.167700	     0.100326	     0.083687	     0.068515	     0.158728	     0.389396
2018	03	18	     0.039152	     0.043230	     0.130179	     0.111093	     0.082871	     0.056607	     0.135400	     0.401468
2018	03	19	     0.044535	     0.064111	     0.119413	     0.119086	     0.082871	     0.057586	     0.122838	     0.389560
2018	03	20	     0.009625	     0.085481	     0.146656	     0.135563	     0.089396	     0.057749	     0.133605	     0.341925
2018	03	21	     0.017618	     0.050571	     0.131648	     0.148940	     0.093148	     0.069984	     0.158891	     0.329201
2018	03	22	     0.029373	     0.041939	     0.136913	     0.155679	     0.087794	     0.060705	     0.156821	     0.330777
2018	03	23	     0.007015	     0.068515	     0.139804	     0.161338	     0.086623	     0.061011	     0.164274	     0.311419
2018	03	24	     0.000816	     0.017292	     0.143556	     0.186460	     0.101794	     0.071126	     0.181729	     0.297227
2018	03	25	     0.014519	     0.038336	     0.117618	     0.179935	     0.106036	     0.076020	     0.201468	     0.266069
2018	03	26	     0.023002	     0.064111	     0.122838	     0.178140	     0.092170	     0.063948	     0.167047	     0.288744
2018	03	27	     0.025122	     0.053997	     0.123328	     0.186297	     0.096574	     0.058891	     0.147635	     0.308157
2018	03	28	     0.020065	     0.046330	     0.124307	     0.193638	     0.100979	     0.059869	     0.142414	     0.312398
2018	03	29	     0.029690	     0.045840	     0.113866	     0.193964	     0.104568	     0.056117	     0.135400	     0.320555
2018	03	30	     0.022838	     0.042251	     0.113703	     0.194780	     0.111256	     0.056607	     0.132137	     0.326427
2018	03	31	     0.026754	     0.028222	     0.105873	     0.199021	     0.119902	     0.057096	     0.133931	     0.329201
2018	04	01	     0.025612	     0.018760	     0.092333	     0.201142	     0.131158	     0.061664	     0.152692	     0.316639
2018	04	02	     0.006362	     0.020718	     0.100816	     0.209951	     0.131485	     0.073899	     0.184666	     0.272104
2018	04	03	     0.055047	     0.050310	     0.092453	     0.205488	     0.107481	     0.063051	     0.133126	     0.293041
2018	04	04	     0.069168	     0.050571	     0.074225	     0.201305	     0.127569	     0.060196	     0.121697	     0.295269
2018	04	05	     0.026754	     0.046656	     0.098042	     0.215008	     0.128874	     0.067374	     0.156607	     0.260685
2018	04	06	     0.039328	     0.040960	     0.090568	     0.220790	     0.128753	     0.070007	     0.176730	     0.232866
2018	04	07	     0.112022	     0.043136	     0.069706	     0.194030	     0.110546	     0.058061	     0.136625	     0.275873
2018	04	08	     0.109897	     0.025654	     0.063886	     0.194141	     0.125290	     0.066700	     0.154750	     0.259682
2018	04	09	     0.101743	     0.033361	     0.062241	     0.198838	     0.124149	     0.067552	     0.167303	     0.244813
2018	04	10	     0.126547	     0.014099	     0.052785	     0.193948	     0.135488	     0.061039	     0.161795	     0.254298
2018	04	11	     0.101586	     0.022304	     0.050531	     0.197595	     0.139397	     0.061160	     0.169019	     0.258407
2018	04	12	     0.096341	     0.020383	     0.050000	     0.188153	     0.151220	     0.060976	     0.168815	     0.264111
2018	04	13	     0.087656	     0.026365	     0.052046	     0.191919	     0.150659	     0.059579	     0.183701	     0.248074
2018	04	14	     0.087061	     0.025193	     0.052271	     0.186804	     0.148415	     0.063753	     0.197943	     0.238560
2018	04	15	     0.073467	     0.028711	     0.069414	     0.197940	     0.146090	     0.069921	     0.230704	     0.183753
2018	04	16	     0.051351	     0.025676	     0.077196	     0.219764	     0.147804	     0.105068	     0.244595	     0.128547
2018	04	17	     0.054616	     0.026209	     0.079811	     0.213392	     0.149138	     0.114812	     0.250592	     0.111430
2018	04	18	     0.056079	     0.032166	     0.080667	     0.211856	     0.149882	     0.120411	     0.241495	     0.107444
2018	04	19	     0.053976	     0.034687	     0.083418	     0.213706	     0.139425	     0.091709	     0.277834	     0.105245
2018	04	20	     0.051515	     0.031650	     0.086869	     0.217508	     0.131145	     0.103704	     0.280471	     0.097138
2018	04	21	     0.047595	     0.026572	     0.088295	     0.221998	     0.133535	     0.119072	     0.273966	     0.088967
2018	04	22	     0.037881	     0.031177	     0.101073	     0.225277	     0.134093	     0.156051	     0.243714	     0.070734
2018	04	23	     0.028775	     0.040516	     0.121713	     0.223747	     0.113114	     0.200761	     0.210021	     0.061353
2018	04	24	     0.027787	     0.033706	     0.107366	     0.245972	     0.122493	     0.229201	     0.197304	     0.036172
2018	04	25	     0.045805	     0.040059	     0.093417	     0.205878	     0.147431	     0.265802	     0.172714	     0.028895
2018	04	26	     0.058891	     0.043264	     0.098865	     0.188353	     0.134233	     0.290508	     0.153973	     0.031913
2018	04	27	     0.057063	     0.044236	     0.115606	     0.182865	     0.111988	     0.310804	     0.146522	     0.030916
2018	04	28	     0.063097	     0.043822	     0.113839	     0.178254	     0.117957	     0.288633	     0.165239	     0.029160
2018	04	29	     0.071464	     0.048523	     0.116191	     0.174121	     0.112395	     0.278759	     0.168015	     0.030533
2018	04	30	     0.058795	     0.043685	     0.134998	     0.177862	     0.127279	     0.309575	     0.122844	     0.024963
2018	05	01	     0.033782	     0.058380	     0.155953	     0.191702	     0.190062	     0.309446	     0.040177	     0.020499
2018	05	02	     0.047447	     0.061566	     0.139222	     0.206042	     0.255295	     0.246101	     0.026432	     0.017895
2018	05	03	     0.057063	     0.063312	     0.135340	     0.199967	     0.248479	     0.260319	     0.018418	     0.017102
2018	05	04	     0.096700	     0.075743	     0.141584	     0.198350	     0.219637	     0.216997	     0.033003	     0.017987
2018	05	05	     0.074031	     0.089200	     0.181698	     0.210717	     0.216323	     0.190437	     0.021434	     0.016158
2018	05	06	     0.063187	     0.102905	     0.184966	     0.244051	     0.247661	     0.135401	     0.007386	     0.014443
2018	05	07	     0.062397	     0.114122	     0.212315	     0.235632	     0.280131	     0.080624	     0.003448	     0.011330
2018	05	08	     0.073207	     0.119227	     0.255650	     0.226171	     0.266787	     0.044383	     0.002293	     0.012283
2018	05	09	     0.084248	     0.134568	     0.280610	     0.244058	     0.230126	     0.012949	     0.002950	     0.010490
2018	05	10	     0.127162	     0.163070	     0.290068	     0.238511	     0.162247	     0.005436	     0.004447	     0.009059
2018	05	11	     0.146669	     0.176003	     0.295658	     0.212628	     0.149818	     0.007292	     0.003149	     0.008784
2018	05	12	     0.156902	     0.178267	     0.287431	     0.204974	     0.155066	     0.006009	     0.003005	     0.008346
2018	05	13	     0.163520	     0.191841	     0.274107	     0.204484	     0.151382	     0.003034	     0.003540	     0.008092
2018	05	14	     0.177232	     0.204840	     0.267042	     0.214724	     0.121506	     0.002386	     0.004772	     0.007498
2018	05	15	     0.191285	     0.242752	     0.261623	     0.221650	     0.068108	     0.003431	     0.004289	     0.006862
2018	05	16	     0.195611	     0.262815	     0.255100	     0.222356	     0.050403	     0.004286	     0.003429	     0.006000
2018	05	17	     0.266621	     0.351764	     0.254240	     0.112619	     0.005427	     0.001696	     0.002544	     0.005088
2018	05	18	     0.385571	     0.378084	     0.200102	     0.024672	     0.003573	     0.001702	     0.002042	     0.004254
2018	05	19	     0.500597	     0.349770	     0.134277	     0.004607	     0.003924	     0.002559	     0.000682	     0.003583
2018	05	20	     0.641832	     0.306309	     0.038202	     0.004840	     0.003803	     0.001556	     0.000346	     0.003111
2018	05	21	     0.810712	     0.167790	     0.008380	     0.005283	     0.003279	     0.001093	     0.000547	     0.002915
2018	05	22	     0.897426	     0.082098	     0.009165	     0.004290	     0.002925	     0.000585	     0.000585	     0.002925
2018	05	23	     0.961403	     0.023323	     0.008462	     0.001858	     0.001445	     0.000413	     0.000206	     0.002890
2018	05	24	     0.971553	     0.015600	     0.005735	     0.002065	     0.001376	     0.000229	     0.000688	     0.002753
2018	05	25	     0.966686	     0.019163	     0.005601	     0.002653	     0.001179	     0.000295	     0.000884	     0.003538
2018	05	26	     0.970790	     0.014425	     0.005770	     0.002885	     0.000361	     0.000721	     0.001082	     0.003967
2018	05	27	     0.977108	     0.011064	     0.004578	     0.001145	     0.000763	     0.000763	     0.001526	     0.003052
2018	05	28	     0.980141	     0.007944	     0.003530	     0.001324	     0.001324	     0.001324	     0.001765	     0.002648
2018	05	29	     0.976788	     0.010038	     0.002509	     0.001882	     0.001882	     0.001882	     0.002509	     0.002509
2018	05	30	     0.975117	     0.007776	     0.007776	     0.000778	     0.002333	     0.001555	     0.002333	     0.002333
2018	05	31	     0.976784	     0.006879	     0.006019	     0.001720	     0.003439	     0.001720	     0.002580	     0.000860
