2017	12	07	14	00	00	     0.080119	     0.812315	     0.107567	     0.000000	     0.000000	     0.000000	     0.000000	     0.000000
2017	12	08	14	00	00	     0.080119	     0.812315	     0.107567	     0.000000	     0.000000	     0.000000	     0.000000	     0.000000
2017	12	11	14	00	00	     0.214173	     0.278740	     0.489764	     0.017323	     0.000000	     0.000000	     0.000000	     0.000000
2017	12	12	14	00	00	     0.203704	     0.341880	     0.438746	     0.015670	     0.000000	     0.000000	     0.000000	     0.000000
2017	12	13	14	00	00	     0.151141	     0.541825	     0.296578	     0.010456	     0.000000	     0.000000	     0.000000	     0.000000
2017	12	14	14	00	00	     0.266038	     0.495283	     0.226415	     0.012264	     0.000000	     0.000000	     0.000000	     0.000000
2017	12	15	14	00	00	     0.202543	     0.554042	     0.231608	     0.011807	     0.000000	     0.000000	     0.000000	     0.000000
2017	12	16	14	00	00	     0.182128	     0.588085	     0.218723	     0.011064	     0.000000	     0.000000	     0.000000	     0.000000
2017	12	17	14	00	00	     0.149064	     0.663770	     0.178476	     0.008690	     0.000000	     0.000000	     0.000000	     0.000000
2017	12	18	14	00	00	     0.157237	     0.615132	     0.088158	     0.015789	     0.123684	     0.000000	     0.000000	     0.000000
2017	12	19	14	00	00	     0.141081	     0.443132	     0.283406	     0.013673	     0.118707	     0.000000	     0.000000	     0.000000
2017	12	20	14	00	00	     0.178641	     0.109709	     0.450485	     0.083495	     0.177670	     0.000000	     0.000000	     0.000000
2017	12	22	14	00	00	     0.261200	     0.093829	     0.426881	     0.071851	     0.146238	     0.000000	     0.000000	     0.000000
2017	12	23	14	00	00	     0.119514	     0.254558	     0.452397	     0.056718	     0.116813	     0.000000	     0.000000	     0.000000
2017	12	24	14	00	00	     0.107914	     0.121103	     0.616906	     0.050959	     0.103117	     0.000000	     0.000000	     0.000000
2017	12	25	14	00	00	     0.573282	     0.118693	     0.186929	     0.039404	     0.081691	     0.000000	     0.000000	     0.000000
2017	12	26	14	00	00	     0.315498	     0.112085	     0.456181	     0.037823	     0.078413	     0.000000	     0.000000	     0.000000
2017	12	27	14	00	00	     0.246643	     0.367502	     0.269472	     0.039839	     0.076544	     0.000000	     0.000000	     0.000000
2017	12	29	14	00	00	     0.137572	     0.559923	     0.190366	     0.045472	     0.066667	     0.000000	     0.000000	     0.000000
2017	12	30	14	00	00	     0.140045	     0.531096	     0.187025	     0.064430	     0.077405	     0.000000	     0.000000	     0.000000
2017	12	31	14	00	00	     0.164241	     0.457380	     0.165800	     0.122661	     0.089917	     0.000000	     0.000000	     0.000000
2018	01	01	14	00	00	     0.158002	     0.417941	     0.219674	     0.116208	     0.088175	     0.000000	     0.000000	     0.000000
2018	01	02	14	00	00	     0.144963	     0.387715	     0.264373	     0.116462	     0.086486	     0.000000	     0.000000	     0.000000
2018	01	03	14	00	00	     0.127361	     0.212628	     0.347545	     0.158122	     0.154344	     0.000000	     0.000000	     0.000000
2018	01	04	14	00	00	     0.494894	     0.071064	     0.097021	     0.207660	     0.129362	     0.000000	     0.000000	     0.000000
2018	01	05	14	00	00	     0.470339	     0.061017	     0.115678	     0.224153	     0.128814	     0.000000	     0.000000	     0.000000
2018	01	06	14	00	00	     0.080364	     0.497726	     0.199773	     0.106899	     0.115239	     0.000000	     0.000000	     0.000000
2018	01	07	14	00	00	     0.093163	     0.509033	     0.177825	     0.117251	     0.102728	     0.000000	     0.000000	     0.000000
2018	01	08	14	00	00	     0.133144	     0.526249	     0.143580	     0.105313	     0.091714	     0.000000	     0.000000	     0.000000
2018	01	09	14	00	00	     0.189157	     0.421687	     0.203614	     0.096386	     0.089157	     0.000000	     0.000000	     0.000000
2018	01	10	14	00	00	     0.184779	     0.434131	     0.203229	     0.092534	     0.085327	     0.000000	     0.000000	     0.000000
2018	01	11	14	00	00	     0.191515	     0.342570	     0.314125	     0.079205	     0.072585	     0.000000	     0.000000	     0.000000
2018	01	12	14	00	00	     0.200342	     0.448815	     0.199120	     0.078182	     0.073540	     0.000000	     0.000000	     0.000000
2018	01	13	14	00	00	     0.182536	     0.483254	     0.187081	     0.077273	     0.069856	     0.000000	     0.000000	     0.000000
2018	01	14	14	00	00	     0.208498	     0.468989	     0.159937	     0.085247	     0.077329	     0.000000	     0.000000	     0.000000
2018	01	15	14	00	00	     0.210803	     0.440000	     0.125547	     0.139270	     0.084380	     0.000000	     0.000000	     0.000000
2018	01	16	14	00	00	     0.203734	     0.424500	     0.125123	     0.155912	     0.090730	     0.000000	     0.000000	     0.000000
2018	01	17	14	00	00	     0.205798	     0.517586	     0.078422	     0.130466	     0.067728	     0.000000	     0.000000	     0.000000
2018	01	18	14	00	00	     0.317498	     0.494402	     0.048624	     0.093730	     0.045745	     0.000000	     0.000000	     0.000000
2018	01	19	14	00	00	     0.260383	     0.510707	     0.080954	     0.088254	     0.059701	     0.000000	     0.000000	     0.000000
2018	01	20	14	00	00	     0.231531	     0.408592	     0.222832	     0.086590	     0.050455	     0.000000	     0.000000	     0.000000
2018	01	21	14	00	00	     0.163848	     0.436331	     0.262179	     0.093068	     0.044574	     0.000000	     0.000000	     0.000000
2018	01	22	14	00	00	     0.126239	     0.428795	     0.297131	     0.105269	     0.042567	     0.000000	     0.000000	     0.000000
2018	01	24	14	00	00	     0.061532	     0.205538	     0.576618	     0.086542	     0.069770	     0.000000	     0.000000	     0.000000
2018	01	25	14	00	00	     0.065155	     0.130611	     0.580994	     0.119051	     0.104189	     0.000000	     0.000000	     0.000000
2018	01	26	14	00	00	     0.063200	     0.094633	     0.543053	     0.181241	     0.117873	     0.000000	     0.000000	     0.000000
2018	01	27	14	00	00	     0.253191	     0.104779	     0.364500	     0.153310	     0.124221	     0.000000	     0.000000	     0.000000
2018	01	28	14	00	00	     0.256665	     0.140081	     0.320078	     0.157403	     0.125772	     0.000000	     0.000000	     0.000000
2018	01	29	14	00	00	     0.126239	     0.428795	     0.297131	     0.105269	     0.042567	     0.000000	     0.000000	     0.000000
2018	01	30	14	00	00	     0.258560	     0.130842	     0.291238	     0.209738	     0.109621	     0.000000	     0.000000	     0.000000
2018	01	31	14	00	00	     0.213924	     0.156030	     0.323417	     0.201950	     0.093569	     0.011110	     0.000000	     0.000000
2018	02	01	14	00	00	     0.110753	     0.172574	     0.425110	     0.108485	     0.172336	     0.010741	     0.000000	     0.000000
2018	02	02	14	00	00	     0.021588	     0.150543	     0.476071	     0.171102	     0.106910	     0.073786	     0.000000	     0.000000
2018	02	03	14	00	00	     0.028916	     0.308733	     0.326745	     0.146140	     0.126570	     0.062896	     0.000000	     0.000000
2018	02	04	14	00	00	     0.041252	     0.247866	     0.270626	     0.277560	     0.093528	     0.069168	     0.000000	     0.000000
2018	02	05	14	00	00	     0.054935	     0.243552	     0.283786	     0.261348	     0.087861	     0.068518	     0.000000	     0.000000
2018	02	06	14	00	00	     0.078358	     0.276732	     0.237940	     0.261634	     0.083624	     0.061711	     0.000000	     0.000000
2018	02	07	14	00	00	     0.098602	     0.284909	     0.182925	     0.307079	     0.066587	     0.059898	     0.000000	     0.000000
2018	02	08	14	00	00	     0.113879	     0.137797	     0.204171	     0.404618	     0.073492	     0.066043	     0.000000	     0.000000
2018	02	09	14	00	00	     0.212823	     0.096290	     0.169919	     0.384113	     0.072500	     0.064355	     0.000000	     0.000000
2018	02	10	14	00	00	     0.240908	     0.069016	     0.131405	     0.420721	     0.073299	     0.064652	     0.000000	     0.000000
2018	02	11	14	00	00	     0.265743	     0.117530	     0.117377	     0.383733	     0.053791	     0.061826	     0.000000	     0.000000
2018	02	12	14	00	00	     0.219853	     0.181976	     0.216754	     0.267332	     0.052998	     0.061087	     0.000000	     0.000000
2018	02	13	14	00	00	     0.147319	     0.187058	     0.264692	     0.295279	     0.018144	     0.087508	     0.000000	     0.000000
2018	02	14	14	00	00	     0.112796	     0.070592	     0.344706	     0.359700	     0.018785	     0.093421	     0.000000	     0.000000
2018	02	15	14	00	00	     0.152335	     0.060589	     0.339033	     0.330237	     0.018908	     0.098898	     0.000000	     0.000000
2018	02	16	14	00	00	     0.299329	     0.061622	     0.175447	     0.350655	     0.017561	     0.095386	     0.000000	     0.000000
2018	02	17	14	00	00	     0.139634	     0.108330	     0.315278	     0.325887	     0.018453	     0.092417	     0.000000	     0.000000
2018	02	18	14	00	00	     0.054428	     0.238496	     0.262199	     0.340539	     0.017865	     0.086473	     0.000000	     0.000000
2018	02	19	14	00	00	     0.062803	     0.252327	     0.252524	     0.332503	     0.012259	     0.041497	     0.037039	     0.009047
2018	02	20	14	00	00	     0.080836	     0.147895	     0.391404	     0.262938	     0.039682	     0.030969	     0.038151	     0.008125
2018	02	21	14	00	00	     0.086119	     0.167852	     0.356224	     0.174658	     0.144607	     0.030908	     0.032673	     0.006958
2018	02	22	14	00	00	     0.079841	     0.173004	     0.377963	     0.165703	     0.137161	     0.029063	     0.030723	     0.006543
2018	02	23	14	00	00	     0.100774	     0.169708	     0.372961	     0.161921	     0.130956	     0.027463	     0.029859	     0.006359
2018	02	24	14	00	00	     0.037306	     0.188308	     0.352243	     0.222393	     0.132878	     0.028989	     0.031200	     0.006682
2018	02	25	14	00	00	     0.048914	     0.197281	     0.350391	     0.210424	     0.130301	     0.027099	     0.029312	     0.006278
2018	02	26	14	00	00	     0.069702	     0.198011	     0.357764	     0.153492	     0.164357	     0.020395	     0.029879	     0.006399
2018	02	28	14	00	00	     0.069702	     0.198011	     0.357764	     0.153492	     0.164357	     0.020395	     0.029879	     0.006399
2018	03	01	14	00	00	     0.099907	     0.356207	     0.180099	     0.173527	     0.143249	     0.011974	     0.029432	     0.005604
2018	03	02	14	00	00	     0.055551	     0.223700	     0.370649	     0.167996	     0.136405	     0.010159	     0.030210	     0.005329
2018	03	03	14	00	00	     0.071753	     0.210029	     0.388889	     0.157900	     0.128427	     0.009560	     0.028427	     0.005014
2018	03	04	14	00	00	     0.064810	     0.193330	     0.413031	     0.164552	     0.123294	     0.009111	     0.027093	     0.004779
2018	03	05	14	00	00	     0.057517	     0.183655	     0.435217	     0.155983	     0.127801	     0.008353	     0.026755	     0.004720
2018	03	06	14	00	00	     0.064500	     0.207581	     0.390193	     0.165170	     0.120019	     0.020390	     0.027326	     0.004820
2018	03	07	14	00	00	     0.062276	     0.225662	     0.291088	     0.175376	     0.181961	     0.030458	     0.028203	     0.004975
2018	03	08	14	00	00	     0.061501	     0.222983	     0.276436	     0.182182	     0.190343	     0.031855	     0.029497	     0.005203
2018	03	09	14	00	00	     0.039211	     0.184896	     0.322582	     0.202530	     0.184635	     0.031659	     0.029315	     0.005171
2018	03	10	14	00	00	     0.039446	     0.155359	     0.336729	     0.215069	     0.187043	     0.031758	     0.029407	     0.005187
2018	03	11	14	00	00	     0.027111	     0.075850	     0.444287	     0.199396	     0.187164	     0.031623	     0.029385	     0.005183
2018	03	12	14	00	00	     0.022649	     0.060873	     0.457750	     0.208427	     0.183521	     0.031904	     0.029646	     0.005229
2018	03	13	14	00	00	     0.023081	     0.051203	     0.429595	     0.229469	     0.114065	     0.116074	     0.031037	     0.005475
2018	03	14	14	00	00	     0.018428	     0.020808	     0.419495	     0.263974	     0.134713	     0.106956	     0.030290	     0.005336
2018	03	15	14	00	00	     0.035235	     0.091298	     0.404492	     0.220734	     0.113034	     0.101459	     0.028703	     0.005044
2018	03	16	14	00	00	     0.044083	     0.191469	     0.296507	     0.235756	     0.105854	     0.094595	     0.027008	     0.004728
2018	03	17	14	00	00	     0.048404	     0.328552	     0.141821	     0.252032	     0.090561	     0.107289	     0.026671	     0.004669
2018	03	18	14	00	00	     0.021520	     0.316533	     0.114504	     0.308080	     0.089180	     0.117322	     0.027966	     0.004896
2018	03	19	14	00	00	     0.019587	     0.375999	     0.088040	     0.293399	     0.077261	     0.113612	     0.027374	     0.004727
2018	03	20	14	00	00	     0.019814	     0.341934	     0.053637	     0.335280	     0.088903	     0.125425	     0.029868	     0.005138
2018	03	21	14	00	00	     0.064606	     0.247699	     0.167730	     0.288390	     0.076781	     0.118378	     0.031234	     0.005182
2018	03	22	14	00	00	     0.066467	     0.165187	     0.255178	     0.277260	     0.079413	     0.119322	     0.031883	     0.005289
2018	03	23	14	00	00	     0.084908	     0.150629	     0.233597	     0.307582	     0.076644	     0.110528	     0.030974	     0.005138
2018	03	24	14	00	00	     0.089772	     0.114713	     0.251024	     0.303234	     0.083199	     0.120310	     0.032378	     0.005371
2018	03	25	14	00	00	     0.011964	     0.144609	     0.275105	     0.327481	     0.084009	     0.119606	     0.031929	     0.005297
2018	03	26	14	00	00	     0.012091	     0.133303	     0.276430	     0.336243	     0.080858	     0.120608	     0.035064	     0.005403
2018	03	27	14	00	00	     0.012098	     0.047719	     0.342678	     0.377329	     0.030394	     0.144634	     0.039120	     0.006028
2018	03	28	14	00	00	     0.011295	     0.047260	     0.339667	     0.388558	     0.029237	     0.140312	     0.037840	     0.005831
2018	03	29	14	00	00	     0.008792	     0.087792	     0.333333	     0.357125	     0.030458	     0.137833	     0.038708	     0.005958
2018	03	30	14	00	00	     0.009632	     0.103365	     0.311447	     0.314357	     0.080454	     0.136809	     0.038075	     0.005861
2018	03	31	14	00	00	     0.093740	     0.131794	     0.239475	     0.276940	     0.085140	     0.130184	     0.037111	     0.005616
2018	04	01	13	00	00	     0.057362	     0.113953	     0.221394	     0.325879	     0.092405	     0.142398	     0.040483	     0.006126
2018	04	02	13	00	00	     0.009281	     0.017068	     0.253622	     0.415610	     0.105125	     0.150036	     0.042783	     0.006474
2018	04	03	13	00	00	     0.010221	     0.016453	     0.335201	     0.341388	     0.083341	     0.159822	     0.047162	     0.006411
2018	04	04	13	00	00	     0.009773	     0.017350	     0.341702	     0.340760	     0.077154	     0.158612	     0.048238	     0.006411
2018	04	05	13	00	00	     0.010927	     0.013223	     0.313163	     0.360819	     0.079657	     0.171158	     0.044488	     0.006565
2018	04	06	13	00	00	     0.010859	     0.014463	     0.314681	     0.340668	     0.089340	     0.177257	     0.045950	     0.006781
2018	04	07	13	00	00	     0.014156	     0.018737	     0.191718	     0.370690	     0.079648	     0.258091	     0.058561	     0.008399
2018	04	08	13	00	00	     0.014391	     0.019437	     0.263082	     0.256354	     0.116060	     0.259594	     0.062173	     0.008909
2018	04	09	13	00	00	     0.014745	     0.018940	     0.232781	     0.244118	     0.132905	     0.281539	     0.028901	     0.046071
2018	04	10	13	00	00	     0.014656	     0.016906	     0.245034	     0.246770	     0.160121	     0.242977	     0.028347	     0.045189
2018	04	12	13	00	00	     0.306524	     0.012549	     0.015816	     0.252800	     0.124819	     0.222620	     0.023958	     0.040915
2018	04	13	13	00	00	     0.279201	     0.011812	     0.016719	     0.260485	     0.111783	     0.249244	     0.025735	     0.045021
2018	04	14	13	00	00	     0.155567	     0.019237	     0.016766	     0.311135	     0.129317	     0.285218	     0.030058	     0.052702
2018	04	15	13	00	00	     0.161069	     0.029212	     0.027529	     0.308474	     0.116780	     0.273608	     0.030221	     0.053106
2018	04	16	13	00	00	     0.073084	     0.032925	     0.041119	     0.321276	     0.119666	     0.320537	     0.033146	     0.058246
2018	04	17	13	00	00	     0.030882	     0.024061	     0.064013	     0.310471	     0.164156	     0.312495	     0.034405	     0.059516
2018	04	18	13	00	00	     0.033936	     0.025499	     0.085591	     0.124121	     0.197150	     0.414456	     0.044530	     0.074716
2018	04	19	13	00	00	     0.047228	     0.022371	     0.068834	     0.119312	     0.189101	     0.431549	     0.045411	     0.076195
2018	04	20	13	00	00	     0.040914	     0.018076	     0.067250	     0.122546	     0.188630	     0.438970	     0.046161	     0.077454
2018	04	21	13	00	00	     0.045300	     0.019414	     0.064927	     0.095056	     0.162529	     0.478358	     0.049862	     0.084553
2018	04	22	13	00	00	     0.048410	     0.015526	     0.061563	     0.101995	     0.156765	     0.479784	     0.050027	     0.085930
2018	04	23	13	00	00	     0.009491	     0.010049	     0.065654	     0.110094	     0.159558	     0.504690	     0.051474	     0.088991
2018	04	24	13	00	00	     0.008064	     0.008648	     0.061236	     0.090452	     0.102840	     0.577071	     0.058549	     0.093140
2018	04	25	13	00	00	     0.006556	     0.006556	     0.021006	     0.066230	     0.048836	     0.681028	     0.064089	     0.105700
2018	04	26	13	00	00	     0.006063	     0.006871	     0.024252	     0.061574	     0.040959	     0.687955	     0.065750	     0.106575
2018	04	27	13	00	00	     0.004190	     0.003631	     0.020950	     0.050698	     0.037709	     0.699162	     0.073883	     0.109777
2018	04	28	13	00	00	     0.002878	     0.003165	     0.007482	     0.046187	     0.021151	     0.732950	     0.073094	     0.113094
2018	04	29	13	00	00	     0.000897	     0.002242	     0.002990	     0.021674	     0.107773	     0.681764	     0.065172	     0.117489
2018	04	30	13	00	00	     0.000898	     0.001947	     0.002695	     0.017221	     0.116202	     0.679545	     0.063941	     0.117550
2018	05	01	13	00	00	     0.000437	     0.001165	     0.002184	     0.004514	     0.175623	     0.628222	     0.080967	     0.106888
2018	05	02	13	00	00	     0.000606	     0.001969	     0.002424	     0.002726	     0.049379	     0.751136	     0.081036	     0.110724
2018	05	03	13	00	00	     0.000756	     0.001664	     0.002269	     0.003025	     0.040684	     0.758772	     0.082123	     0.110708
2018	05	04	13	00	00	     0.000765	     0.001682	     0.001988	     0.002906	     0.021869	     0.779936	     0.089310	     0.101545
2018	05	05	13	00	00	     0.000154	     0.000771	     0.001542	     0.001388	     0.039784	     0.754510	     0.094217	     0.107633
2018	05	06	13	00	00	     0.000154	     0.001079	     0.001541	     0.000770	     0.002003	     0.800462	     0.084592	     0.109399
2018	05	07	13	00	00	     0.000480	     0.000320	     0.000640	     0.000960	     0.000960	     0.599968	     0.296225	     0.100448
2018	05	08	13	00	00	     0.000320	     0.000320	     0.000480	     0.000960	     0.001601	     0.808548	     0.089643	     0.098127
2018	05	09	13	00	00	     0.000332	     0.000830	     0.000498	     0.001992	     0.001992	     0.797809	     0.093127	     0.103420
2018	05	10	13	00	00	     0.000335	     0.000503	     0.000839	     0.220862	     0.019118	     0.575717	     0.079993	     0.102633
2018	05	11	13	00	00	     0.000503	     0.001342	     0.001509	     0.777461	     0.013416	     0.166695	     0.037733	     0.001342
2018	05	12	13	00	00	     0.000839	     0.001174	     0.001174	     0.784899	     0.013926	     0.160403	     0.036745	     0.000839
2018	05	13	13	00	00	     0.002556	     0.002385	     0.001704	     0.787017	     0.014483	     0.155222	     0.036633	     0.000000
2018	05	14	13	00	00	     0.005572	     0.005956	     0.006532	     0.729107	     0.016715	     0.207685	     0.028434	     0.000000
2018	05	15	13	00	00	     0.002694	     0.003656	     0.001924	     0.764480	     0.024630	     0.188955	     0.013662	     0.000000
2018	05	16	13	00	00	     0.001979	     0.005146	     0.003167	     0.757522	     0.038005	     0.184086	     0.010095	     0.000000
2018	05	17	13	00	00	     0.002841	     0.001748	     0.003278	     0.779065	     0.080420	     0.125219	     0.007430	     0.000000
2018	05	18	13	00	00	     0.005047	     0.003950	     0.006364	     0.820715	     0.078780	     0.083169	     0.001975	     0.000000
2018	05	19	13	00	00	     0.005909	     0.005455	     0.009091	     0.900000	     0.010455	     0.067045	     0.002045	     0.000000
2018	05	20	13	00	00	     0.006750	     0.005587	     0.008613	     0.949488	     0.020251	     0.006983	     0.002328	     0.000000
2018	05	21	13	00	00	     0.003297	     0.004496	     0.004197	     0.014988	     0.967326	     0.004796	     0.000899	     0.000000
2018	05	22	13	00	00	     0.024110	     0.037887	     0.915040	     0.022962	     0.000000	     0.000000	     0.000000	     0.000000
2018	05	23	13	00	00	     0.020741	     0.028148	     0.023704	     0.927407	     0.000000	     0.000000	     0.000000	     0.000000
2018	05	24	13	00	00	     0.016035	     0.024781	     0.032070	     0.927114	     0.000000	     0.000000	     0.000000	     0.000000
