2017	12	07	14	00	00	     0.024733
2017	12	08	14	00	00	     0.024733
2017	12	11	14	00	00	     0.000000
2017	12	12	14	00	00	     0.000000
2017	12	13	14	00	00	     0.000000
2017	12	14	14	00	00	     0.000000
2017	12	15	14	00	00	     0.000000
2017	12	16	14	00	00	     0.000000
2017	12	17	14	00	00	     0.000000
2017	12	18	14	00	00	     0.008808
2017	12	19	14	00	00	     0.074976
2017	12	20	14	00	00	     0.000000
2017	12	22	14	00	00	     0.000000
2017	12	23	14	00	00	     0.000000
2017	12	24	14	00	00	     1.257750
2017	12	25	14	00	00	     0.093181
2017	12	26	14	00	00	     1.840860
2017	12	27	14	00	00	     0.063463
2017	12	29	14	00	00	     0.068103
2017	12	30	14	00	00	     0.000000
2017	12	31	14	00	00	     0.000000
2018	01	01	14	00	00	     0.000000
2018	01	02	14	00	00	     0.000000
2018	01	03	14	00	00	     0.000000
2018	01	04	14	00	00	     0.098103
2018	01	05	14	00	00	     0.148533
2018	01	06	14	00	00	     0.156865
2018	01	07	14	00	00	     1.460604
2018	01	08	14	00	00	     2.277133
2018	01	09	14	00	00	     1.429127
2018	01	10	14	00	00	     1.713828
2018	01	11	14	00	00	     2.889628
2018	01	12	14	00	00	     0.916649
2018	01	13	14	00	00	     1.035669
2018	01	14	14	00	00	     0.834380
2018	01	15	14	00	00	     0.000000
2018	01	16	14	00	00	     0.000000
2018	01	17	14	00	00	     0.000000
2018	01	18	14	00	00	     0.000000
2018	01	19	14	00	00	     0.000000
2018	01	20	14	00	00	     0.024733
2018	01	21	14	00	00	     0.000000
2018	01	22	14	00	00	     0.062912
2018	01	24	14	00	00	     5.299557
2018	01	25	14	00	00	     0.000000
2018	01	26	14	00	00	     0.110670
2018	01	27	14	00	00	     1.373271
2018	01	28	14	00	00	     4.642212
2018	01	29	14	00	00	     0.062912
2018	01	30	14	00	00	    13.265269
2018	01	31	14	00	00	    16.575378
2018	02	01	14	00	00	     3.167688
2018	02	02	14	00	00	     6.606550
2018	02	03	14	00	00	    24.387287
2018	02	04	14	00	00	    29.056084
2018	02	05	14	00	00	    24.441627
2018	02	06	14	00	00	    26.656254
2018	02	07	14	00	00	    25.879680
2018	02	08	14	00	00	    25.879680
2018	02	09	14	00	00	    26.833246
2018	02	10	14	00	00	    26.155725
2018	02	11	14	00	00	    23.911670
2018	02	12	14	00	00	    23.911670
2018	02	13	14	00	00	    25.054930
2018	02	14	14	00	00	    26.739907
2018	02	15	14	00	00	    25.396352
2018	02	16	14	00	00	    25.150195
2018	02	17	14	00	00	    26.635171
2018	02	18	14	00	00	    26.735407
2018	02	19	14	00	00	    26.781386
2018	02	20	14	00	00	    25.310830
2018	02	21	14	00	00	    33.823018
2018	02	22	14	00	00	    33.862763
2018	02	23	14	00	00	    32.971947
2018	02	24	14	00	00	    32.769448
2018	02	25	14	00	00	    31.662660
2018	02	26	14	00	00	    25.554962
2018	02	28	14	00	00	    25.554962
2018	03	01	14	00	00	    24.805890
2018	03	02	14	00	00	    23.338904
2018	03	03	14	00	00	    23.338904
2018	03	04	14	00	00	    23.338904
2018	03	05	14	00	00	    23.589898
2018	03	06	14	00	00	    23.589898
2018	03	07	14	00	00	    27.057203
2018	03	08	14	00	00	    27.057203
2018	03	09	14	00	00	    27.057203
2018	03	10	14	00	00	    27.057203
2018	03	11	14	00	00	    27.057203
2018	03	12	14	00	00	    27.057203
2018	03	13	14	00	00	    33.162057
2018	03	14	14	00	00	    27.831775
2018	03	15	14	00	00	    26.863899
2018	03	16	14	00	00	    27.011975
2018	03	17	14	00	00	    27.649197
2018	03	18	14	00	00	    27.402936
2018	03	19	14	00	00	    33.140742
2018	03	20	14	00	00	    33.469051
2018	03	21	14	00	00	    32.197956
2018	03	22	14	00	00	    32.197956
2018	03	23	14	00	00	    32.177404
2018	03	24	14	00	00	    31.928486
2018	03	25	14	00	00	    33.036665
2018	03	26	14	00	00	    32.758439
2018	03	27	14	00	00	    31.247920
2018	03	28	14	00	00	    31.247920
2018	03	29	14	00	00	    31.391673
2018	03	30	14	00	00	    32.902191
2018	03	31	14	00	00	    32.999173
2018	04	01	13	00	00	    34.532266
2018	04	02	13	00	00	    34.532266
2018	04	03	13	00	00	    34.039983
2018	04	04	13	00	00	    33.456280
2018	04	05	13	00	00	    36.688015
2018	04	06	13	00	00	    36.688015
2018	04	07	13	00	00	    36.872550
2018	04	08	13	00	00	    38.359819
2018	04	09	13	00	00	    38.378244
2018	04	10	13	00	00	    37.504829
2018	04	12	13	00	00	    37.504829
2018	04	13	13	00	00	    37.504829
2018	04	14	13	00	00	    37.504829
2018	04	15	13	00	00	    37.484007
2018	04	16	13	00	00	    39.259362
2018	04	17	13	00	00	    39.317833
2018	04	18	13	00	00	    40.000000
2018	04	19	13	00	00	    40.000000
2018	04	20	13	00	00	    40.000000
2018	04	21	13	00	00	    40.000000
2018	04	22	13	00	00	    40.000000
2018	04	23	13	00	00	    40.000000
2018	04	24	13	00	00	    40.000000
2018	04	25	13	00	00	    40.000000
2018	04	26	13	00	00	    40.000000
2018	04	27	13	00	00	    40.000000
2018	04	28	13	00	00	    40.000000
2018	04	29	13	00	00	    40.000000
2018	04	30	13	00	00	    40.000000
2018	05	01	13	00	00	    40.000000
2018	05	02	13	00	00	    40.000000
2018	05	03	13	00	00	    40.000000
2018	05	04	13	00	00	    40.000000
2018	05	05	13	00	00	    40.000000
2018	05	06	13	00	00	    40.000000
2018	05	07	13	00	00	    40.000000
2018	05	08	13	00	00	    40.030724
2018	05	09	13	00	00	    40.000000
2018	05	10	13	00	00	    28.731390
2018	05	11	13	00	00	    20.795425
2018	05	12	13	00	00	    20.198128
2018	05	13	13	00	00	    20.271136
2018	05	14	13	00	00	    20.045648
2018	05	15	13	00	00	    20.029361
2018	05	16	13	00	00	    18.889048
2018	05	17	13	00	00	    15.664398
2018	05	18	13	00	00	    17.654503
2018	05	19	13	00	00	    16.506602
2018	05	20	13	00	00	    15.614847
2018	05	21	13	00	00	    18.686335
2018	05	22	13	00	00	     0.000000
2018	05	23	13	00	00	     0.000000
2018	05	24	13	00	00	     0.000000
